25 8727 5606 7468 5806 5140 4089 3733 4073 5464 5086 853 9369 596 5513 235 532 3154 3220 5258 6892 2056 6328 9166 2899 5980
17 9697 5204 5705 1884 8355 6605 4359 7888 8444 5343 3026 3699 5695 7804 3089 988 3899
26 644 6106 8239 57 72 7540 6564 5845 8110 1092 97 9950 1308 965 7664 3171 9802 6419 3629 8818 9254 1778 1341 4491 6488 5269
27 8916 9765 7678 9401 9348 7999 8441 2248 6255 8887 454 8691 6091 7132 578 7628 2795 7760 8880 5915 1640 7622 5375 6713 439 9074 8686
24 2563 3555 6809 1423 1025 5273 121 3690 4737 4029 6137 1573 1205 6862 4407 9559 8893 7992 1471 5855 2615 3571 5345 5005
26 3081 591 1218 8198 4228 2382 2665 9249 5454 6627 1859 9164 1752 2631 5966 4011 7584 1113 4127 9209 5294 4019 2087 5181 8302 1684
30 7533 7045 2677 4354 9801 2566 4607 184 100 8449 3517 7819 9929 4819 4243 1174 1100 3641 122 9395 3149 4800 9940 9678 8693 1702 7363 797 5625 3683
19 1448 4772 8195 1320 4427 1349 8546 6440 8188 5014 3032 3328 8016 4592 7596 1926 932 1182 6506
25 7503 4341 1795 9343 4001 4438 3177 2932 4343 2883 5350 1417 1827 6018 5108 6201 4896 717 6638 672 4095 620 7022 6305 9732
21 8888 7903 26 4764 8291 8208 43 4429 6843 6500 9459 1970 5809 309 8395 7052 1522 5498 6319 2893 1127
36 4560 4128 6047 9382 7231 8821 675 3689 9236 7661 4743 1822 3795 3529 2800 3013 8377 10 6256 885 4745 2555 3230 2864 7841 2858 8413 5073 4655 3331 6631 9860 268 1744 1597 1410
36 3728 3420 9287 7073 6207 735 9501 8514 5285 7805 7232 492 599 8392 2810 4161 4134 519 7459 3902 2350 5709 7241 7898 9023 8430 9423 6609 3528 9231 7746 8930 2124 2098 4084 2373
24 7034 2396 4957 3244 3461 3663 7950 4300 8072 5122 3705 219 7219 3783 3911 1961 4367 8217 8006 8705 8614 6975 7536 5899
34 2193 4840 4046 5744 3272 8595 1004 8827 5508 2169 1314 1657 3286 2304 8337 5877 5121 7845 1636 5060 3781 8873 8128 2903 5516 4305 7421 1056 9639 7549 2620 2331 1812 9715
22 3271 1169 6377 7318 5456 7511 4399 9350 6267 7295 7866 2358 3370 3561 3833 226 2057 8947 1068 5393 9372 3458
21 1083 4002 5367 451 8928 4133 5386 3208 7334 7257 1067 9242 220 8732 3780 5437 989 2862 2171 1280 1540
21 5199 8582 5033 8908 369 3147 4884 7642 9116 6533 6894 8246 693 3947 5887 3371 3084 1878 8692 3532 627
23 5164 9413 3348 1039 310 944 4065 9412 7545 279 6798 2023 6772 6427 36 2511 4104 6504 21 6866 3960 8321 9443
18 320 2801 8087 1490 5282 5138 6513 5785 1950 5812 178 6303 8566 8649 6456 555 9523 5323
20 5649 5220 5088 230 4012 9198 2935 2480 8364 9376 864 7026 1273 9655 8191 1650 8706 6014 9709 9736
27 3323 8406 1925 499 6501 7705 9503 3072 2831 1119 3999 4730 8031 2772 8784 2844 3576 2452 5406 919 7769 2141 2832 2464 5836 1465 4796
19 9421 6795 7635 7337 174 2440 124 1433 3662 39 6745 4386 8446 723 6940 1336 3218 7214 287
36 6612 501 7385 6149 8778 3212 2775 1055 1598 9568 1995 5577 1213 8782 3198 45 2993 4740 4852 5301 4239 1900 8819 2040 6042 6153 4671 2575 1496 9604 1389 1373 4780 9839 6983 4050
30 7698 2648 3706 6584 4535 3142 7424 7510 4363 8147 3181 4290 4030 1947 2600 618 9665 1313 5866 3730 1959 4510 6299 5336 324 729 3445 5053 2174 1350
27 4673 8661 4579 2859 571 2543 8789 6315 7750 4922 274 327 4008 164 332 5010 7437 843 2597 9583 3278 3538 1052 6044 6005 5634 5916
27 2097 9853 4230 4141 9555 4481 6388 341 6503 2015 2602 7179 2617 4108 7134 7980 4650 2531 5342 4504 204 1444 4580 2823 5654 1115 8439
30 5187 6684 6420 7296 872 3140 8571 594 3615 5459 8700 407 8164 6476 7690 4054 7367 3443 2748 7438 6056 3042 1617 1651 4676 832 2767 7362 767 5964
22 3739 1780 1649 3292 1891 4569 3446 1507 3955 6550 1252 9090 3914 3671 935 7978 4643 4734 6118 9570 5955 8985
29 4093 5885 6103 2952 9469 216 6131 8998 7432 9737 5982 551 7843 4449 5278 7335 6507 8 7094 3574 2855 1933 3920 5645 2085 3295 2695 7676 142
24 3115 8139 9512 3747 3158 9588 1351 4472 490 629 4936 1559 4325 2684 1543 902 9735 5998 3535 6304 7625 2778 1008 8760
25 7393 7114 2743 5560 4682 3678 8751 3184 3350 7969 3598 1750 9677 1276 911 6490 1587 9217 7849 6924 9419 5816 1235 3074 4807
19 2036 2501 8150 6323 7895 1582 1116 9666 7136 7502 2588 95 148 4544 6810 7282 5378 7463 5016
21 474 1864 278 8658 5795 1575 7209 1424 7310 3874 7140 6446 3601 8004 2675 6819 6029 5856 7875 4288 8204
46 3526 7959 4471 7852 195 5090 5411 224 7058 9320 9977 2149 5129 4249 9553 9075 1242 6537 2999 9026 7577 603 6007 2425 9822 2288 7248 9902 4904 4912 7370 429 214 1146 9514 2229 5808 7143 3652 4057 4219 9076 9749 2188 8066 3258
18 22 9309 9505 1973 5891 558 6191 4683 6544 9905 5488 9396 4106 1370 9486 3896 6362 6673
23 1082 6872 6541 2871 5347 9634 8209 6840 1330 2216 285 2413 2047 5965 3112 1310 7187 8036 8939 2839 6606 8320 4444
23 2797 5197 7558 6649 8304 2462 2939 8561 7995 4272 1937 3563 4801 5537 9769 8837 6511 93 7300 6962 8183 3751 3863
18 7035 2763 7641 8574 1688 9259 9360 3144 3931 3088 9021 9664 8968 9671 1902 8124 9638 6902
24 1840 9319 5794 8175 1167 9225 5771 7671 2205 245 2239 4037 809 3389 2418 1858 6279 6078 5691 518 6778 7196 9104 7008
29 6677 7090 3425 3518 9612 7077 7397 7119 5243 6938 273 7406 8476 782 2624 9177 6224 3316 1161 1577 4555 8839 7949 8443 8056 9530 8587 5535 6128
43 7619 7161 1892 4415 3537 13 4099 616 3779 5579 7122 6139 5928 3843 9417 6591 7273 3393 2091 8380 1513 9354 6828 653 6576 2662 5389 1539 4838 3367 81 362 2754 9660 3368 3439 7608 8490 808 6681 1928 6397 3892
21 1384 7791 1863 9963 4371 8325 4132 5487 417 255 5385 4753 6640 9881 7601 6004 7868 5823 862 3913 6848
53 7137 2668 8927 9327 7422 5304 2320 3716 9335 5592 5661 7398 5035 5139 3814 8376 5067 1176 333 9915 6107 9535 2745 1633 1012 4129 1084 1856 4887 3037 4783 4665 3300 2592 5935 6927 8986 8609 182 459 5468 1191 6870 7312 3763 5245 7930 1376 1715 2375 385 257 5380
21 7264 1957 2246 4082 1285 2005 2954 3696 986 6967 2072 8608 7036 3068 4316 3761 557 6970 42 7349 6115
17 7859 9851 5858 1265 9880 5954 8518 9567 4940 8865 6850 6693 2145 2946 5638 6329 602
23 5957 2210 8654 9334 1875 1409 719 8268 8540 2740 7962 564 5540 2391 7829 7504 4023 430 6943 5778 6019 1432 1588
23 3090 4786 7578 8905 6085 6683 188 2782 8891 7810 5564 1768 5368 4806 5319 2992 1172 8600 1439 1787 3306 9627 1107
16 692 3373 9609 4815 5063 7615 4412 4022 7551 882 3937 8045 4389 4693 4240 4377
26 2485 5996 7905 5276 6539 2009 6205 4 5228 648 3313 9920 2868 1356 8137 2799 4944 4875 2633 1814 9446 9181 5664 8764 7951 2445
41 6626 8854 2816 1443 8260 1142 6919 33 5267 7038 2226 662 9422 2573 3580 5169 1323 1984 8369 3302 7092 2988 8966 4587 4193 127 5250 9858 1779 2645 7526 9754 1742 1758 2989 3992 2181 2079 1938 391 8397
31 3374 4822 4827 8017 4097 9830 3376 9339 6653 5226 1359 48 3665 5780 7680 8099 6575 9781 9871 6635 8138 3732 6912 3071 8788 7848 2514 8459 1108 1328 6601
23 4649 6833 2802 7702 1016 4591 8519 941 1994 2465 2459 9127 7413 3205 7524 2551 6596 25 4306 2721 5791 998 621
32 6594 3725 3485 6155 3591 4431 510 8434 3338 7005 6271 7904 4003 3635 4866 9834 6598 995 5720 6020 3495 639 9958 9418 125 8744 9152 2894 8420 8652 7516 1057
25 7287 6083 2438 3114 974 9100 6034 611 2378 2807 3745 8333 94 6999 315 1296 2346 4043 3324 3572 7871 9157 7831 8685 445
17 4513 4609 8655 2533 7637 3048 2129 6483 68 2317 8708 1762 4558 4960 4480 8052 4598
32 2682 129 1239 1788 9937 2212 6405 7647 7565 8458 4691 8757 5002 1234 4208 1333 5372 1329 4348 1186 3811 9206 3305 4285 8816 8453 3321 5800 8763 8396 9047 3610
28 4834 7237 1173 1593 3862 701 5834 5317 1569 4939 3252 1096 2577 4965 9034 1093 6952 9791 5576 2313 8407 6553 908 6574 1397 8777 9694 4171
24 2622 1817 1595 1292 1804 9776 6730 8970 1805 7170 7703 6015 8468 9863 6913 3603 5027 4330 5702 2041 6871 5967 8951 5263
26 8035 1979 9738 8095 4999 2493 9811 1865 5095 4549 8535 1322 5176 4252 288 9516 8436 9086 1204 6619 5381 1492 7423 9875 5642 217
38 2582 7910 2353 3785 2846 9325 8625 1442 818 1734 2567 3608 2457 3397 71 1250 1163 7125 1263 9629 4929 8715 4727 177 3523 5146 1486 5173 4552 2455 3519 3457 4081 3762 5926 4224 6963 5923
23 3281 8852 7891 6839 7964 3700 4214 6266 2490 3656 1184 4971 690 9340 1408 1862 1852 8539 3423 2521 9751 8290 9756
29 4695 8881 7858 6676 8485 5764 1763 799 448 5170 4331 8547 2723 9129 2786 8173 9219 8034 4779 3419 323 4166 8492 614 9093 4021 8157 1378 7229
23 6791 9003 8722 3465 3126 205 622 6672 2808 3950 7663 4946 5291 9126 5039 5641 373 3304 7666 5116 4962 5415 1155
30 7644 4706 2472 6712 3713 5188 9956 6665 5697 3369 8849 9110 7380 6404 685 2965 2818 7480 7559 6247 3381 5397 3623 1638 7814 389 6816 7851 803 3191
29 6236 4188 236 2427 4846 402 2460 3392 8416 2110 4338 8555 9714 414 5119 2032 2910 8292 1321 3802 6499 9270 7433 742 7822 5848 3043 355 8678
38 5024 8482 752 7789 8181 4917 4810 1706 9623 1121 8182 263 8932 3294 4923 3577 5943 3979 5687 1766 5710 7594 5147 3236 9037 3709 2279 3046 1872 2655 5566 7152 9591 3481 1346 8148 3782 9536
28 7080 7860 7443 5424 5441 1324 9383 6069 665 5309 2450 3245 689 28 2103 6532 181 9838 7659 6951 3340 5020 1362 4355 8761 4653 4885 1847
23 3110 8373 9316 5045 9308 2235 9561 5113 8636 6174 1416 5201 6198 8734 8808 7494 6987 1561 733 7734 9868 5351 3412
43 3925 4451 4803 7882 2027 8227 1946 9907 1348 3463 5015 334 5133 5927 1710 8809 4477 7285 7064 5938 5587 1803 3135 8593 2209 5452 4379 4848 5042 2874 7562 2321 9333 1009 2538 5489 5882 7865 1675 9179 9028 151 9949
34 9264 9458 1069 7880 5751 9113 8149 2918 8695 7654 8879 3496 3470 8365 8699 4238 6613 5796 506 6367 9228 4632 2063 6211 2663 8219 1097 2473 5619 7777 5354 2819 509 9377
20 2922 5873 536 3982 5602 5070 2154 6754 8775 4991 5985 7519 9846 968 1850 2311 7057 9124 8591 9235
18 8069 8389 8285 6127 1807 6487 8334 6435 9007 7643 2635 5031 6990 9529 6593 4686 917 3847
41 3061 3805 5120 5313 3148 9158 3682 8203 9247 7281 5503 2570 7682 2422 6312 8640 6148 560 5131 4241 3786 3174 318 598 2920 1720 6122 9416 4789 5865 7714 9687 173 325 6413 7616 7728 6954 652 4284 7461
29 3118 9405 8486 4163 8356 6146 9975 2398 8471 2815 3005 8345 6552 4606 294 4120 5657 160 922 6949 9989 9305 5750 4153 2898 730 1837 6275 8982
21 9431 7259 9657 5545 1921 3468 9796 4478 7166 7313 7048 9080 3933 5260 7997 9244 8501 6468 5723 3642 475
19 3910 9060 8885 6687 4759 7416 2548 8357 6215 2669 365 7089 7230 7774 9632 687 3510 7376 2469
30 2232 2115 6284 4990 2432 7535 5348 8613 7290 7330 8554 3731 1144 4018 3636 2146 3483 6182 1253 9210 9782 1367 6176 7662 4901 1150 3143 9406 875 1261
26 6971 7124 1594 463 5842 866 4651 1581 4122 801 1489 7658 4688 7202 8860 3477 786 3319 7839 103 7440 1821 5639 1283 6250 9931
33 7351 2689 3312 3456 5514 3255 3916 56 3790 2834 708 8835 7794 705 8553 3620 5963 5191 1143 1361 7325 3717 487 7591 8172 3823 6694 529 2045 4074 7636 7758 8000
43 8740 704 6330 4675 7681 7948 2437 9296 3515 8586 3356 9844 5676 5361 9826 9455 3358 1584 40 491 9951 9658 7550 3150 3341 5224 2034 8598 4468 9215 3832 1398 4145 952 7392 9866 4439 2584 5008 8931 1419 7145 8533
25 6082 6520 4077 1207 2914 6111 5656 1592 186 893 7120 7517 6732 8820 9081 2753 4586 5471 3351 9087 5666 3299 1782 8877 8242