49 8727 5606 7468 5806 5140 4089 3733 4073 5464 5086 853 9369 596 5513 235 532 3154 3220 5258 6892 2056 6328 9166 2899 5980 7916 1126 3965 6172 8120 1666 7983 3004 3269 1104 7426 3424 4545 9295 5827 2384 9960 3593 8197 9649 1992 6331 6341 3337
39 9697 5204 5705 1884 8355 6605 4359 7888 8444 5343 3026 3699 5695 7804 3089 988 3899 2756 6779 4625 9988 7869 780 3695 5432 8483 7912 7653 6652 1713 8109 1963 8466 6780 7206 9939 6348 1962 2646
53 644 6106 8239 57 72 7540 6564 5845 8110 1092 97 9950 1308 965 7664 3171 9802 6419 3629 8818 9254 1778 1341 4491 6488 5269 4294 9534 6366 6752 9067 1503 3929 4648 2224 5379 3909 7976 4150 2828 1882 3179 604 6771 8086 4482 1578 9341 331 6547 2276 1686 712
49 8916 9765 7678 9401 9348 7999 8441 2248 6255 8887 454 8691 6091 7132 578 7628 2795 7760 8880 5915 1640 7622 5375 6713 439 9074 8686 2728 5539 4639 7850 2298 4652 9877 6981 6904 8995 9227 2407 6344 5548 806 1282 7944 5832 9131 5306 6991 7573
47 2563 3555 6809 1423 1025 5273 121 3690 4737 4029 6137 1573 1205 6862 4407 9559 8893 7992 1471 5855 2615 3571 5345 5005 6449 2371 6818 2262 7448 1520 84 4633 2408 5521 7525 724 5062 2113 4441 5316 1338 2054 77 9630 8917 7639 2299
48 3081 591 1218 8198 4228 2382 2665 9249 5454 6627 1859 9164 1752 2631 5966 4011 7584 1113 4127 9209 5294 4019 2087 5181 8302 1684 3639 3752 5844 3542 7486 8899 6257 8136 8417 8154 4978 7957 3186 4748 716 8055 5888 8694 5948 4626 9188 9302
57 7533 7045 2677 4354 9801 2566 4607 184 100 8449 3517 7819 9929 4819 4243 1174 1100 3641 122 9395 3149 4800 9940 9678 8693 1702 7363 797 5625 3683 7986 1344 4356 5252 5975 1303 9362 7250 3738 6100 6351 788 3239 2237 5390 7381 4612 1236 4571 6252 6946 8225 4484 8637 6978 5897 2282
42 1448 4772 8195 1320 4427 1349 8546 6440 8188 5014 3032 3328 8016 4592 7596 1926 932 1182 6506 2882 4485 6219 9874 1802 9790 7412 2142 5417 2236 7177 6965 7384 5331 6945 4974 3277 1800 3219 4408 375 6527 8311
48 7503 4341 1795 9343 4001 4438 3177 2932 4343 2883 5350 1417 1827 6018 5108 6201 4896 717 6638 672 4095 620 7022 6305 9732 2872 7275 6480 8467 677 2379 4053 3410 4364 1036 1656 632 530 9899 5041 6926 1232 4925 3257 6079 1660 2112 7322
42 8888 7903 26 4764 8291 8208 43 4429 6843 6500 9459 1970 5809 309 8395 7052 1522 5498 6319 2893 1127 6195 1991 9525 8992 5107 6370 272 6915 4437 2322 3596 9783 5678 2487 4814 2038 2186 18 5843 3327 7317
62 4560 4128 6047 9382 7231 8821 675 3689 9236 7661 4743 1822 3795 3529 2800 3013 8377 10 6256 885 4745 2555 3230 2864 7841 2858 8413 5073 4655 3331 6631 9860 268 1744 1597 1410 3946 198 4500 9098 6572 7217 2738 4107 8243 6944 392 4265 6027 1866 6800 9566 6326 2751 146 1334 2446 2406 5776 613 3039 7484
60 3728 3420 9287 7073 6207 735 9501 8514 5285 7805 7232 492 599 8392 2810 4161 4134 519 7459 3902 2350 5709 7241 7898 9023 8430 9423 6609 3528 9231 7746 8930 2124 2098 4084 2373 6707 9748 8739 218 6423 462 9750 7623 9143 3044 6332 2025 7279 9619 9584 4277 9901 6374 6110 1751 4933 9999 6728 6812
49 7034 2396 4957 3244 3461 3663 7950 4300 8072 5122 3705 219 7219 3783 3911 1961 4367 8217 8006 8705 8614 6975 7536 5899 6669 1089 2519 3723 5410 5528 1178 6614 4233 1672 6637 8675 6000 3270 4206 79 7288 2579 9723 3923 961 1585 8713 1855 5271
62 2193 4840 4046 5744 3272 8595 1004 8827 5508 2169 1314 1657 3286 2304 8337 5877 5121 7845 1636 5060 3781 8873 8128 2903 5516 4305 7421 1056 9639 7549 2620 2331 1812 9715 9480 3983 9672 8082 5711 1983 4297 6849 8684 796 4207 5647 7564 6049 6953 9224 4174 3455 5339 2344 404 7155 6433 6901 379 8315 1557 7344
46 3271 1169 6377 7318 5456 7511 4399 9350 6267 7295 7866 2358 3370 3561 3833 226 2057 8947 1068 5393 9372 3458 4048 8783 5222 8515 51 2941 54 7907 6189 1498 4508 4414 2851 1939 4000 6863 6325 5788 2270 6659 9556 157 8973 9965
43 1083 4002 5367 451 8928 4133 5386 3208 7334 7257 1067 9242 220 8732 3780 5437 989 2862 2171 1280 1540 4117 5690 8895 4975 4470 2220 1908 4420 8308 5387 9522 4148 2687 2332 646 1175 903 2168 2560 5551 3712 813
45 5199 8582 5033 8908 369 3147 4884 7642 9116 6533 6894 8246 693 3947 5887 3371 3084 1878 8692 3532 627 3861 9408 6933 9962 4744 7901 3362 2451 6618 298 2217 1208 9708 6939 2069 8875 7835 1298 9125 8975 3197 7482 1709 6522
52 5164 9413 3348 1039 310 944 4065 9412 7545 279 6798 2023 6772 6427 36 2511 4104 6504 21 6866 3960 8321 9443 3166 810 4346 9621 4080 485 2385 9292 5056 6147 6744 7531 9411 7744 4244 6878 2627 2562 4881 1188 4670 1815 5878 1754 158 3170 6220 3674 5922
40 320 2801 8087 1490 5282 5138 6513 5785 1950 5812 178 6303 8566 8649 6456 555 9523 5323 2927 4860 5200 5373 5569 4616 9691 8630 658 8892 5404 1452 9388 9367 7544 5673 2714 5556 1955 6706 4849 3789
47 5649 5220 5088 230 4012 9198 2935 2480 8364 9376 864 7026 1273 9655 8191 1650 8706 6014 9709 9736 9311 6283 1386 7107 1427 7696 7075 3047 9438 8309 2107 8327 5819 9243 1630 7537 9298 9261 9656 192 5699 4303 8772 2301 135 8723 9651
54 3323 8406 1925 499 6501 7705 9503 3072 2831 1119 3999 4730 8031 2772 8784 2844 3576 2452 5406 919 7769 2141 2832 2464 5836 1465 4796 5242 8643 3007 9917 2699 6030 9540 6996 9955 6088 9475 1885 6546 6087 304 1530 3973 6177 8306 781 7434 9445 7712 1307 3459 2905 3675
42 9421 6795 7635 7337 174 2440 124 1433 3662 39 6745 4386 8446 723 6940 1336 3218 7214 287 1677 4392 9387 5089 9473 6930 1683 3605 8549 6782 5562 5849 8047 4410 5755 9814 1094 802 4183 3597 5701 1289 9684
64 6612 501 7385 6149 8778 3212 2775 1055 1598 9568 1995 5577 1213 8782 3198 45 2993 4740 4852 5301 4239 1900 8819 2040 6042 6153 4671 2575 1496 9604 1389 1373 4780 9839 6983 4050 1580 8379 5722 8534 4958 4366 7056 8898 1102 777 711 1906 2065 9485 7783 6805 2950 1868 7081 6084 3865 2273 7430 3893 6617 4565 1870 6633
59 7698 2648 3706 6584 4535 3142 7424 7510 4363 8147 3181 4290 4030 1947 2600 618 9665 1313 5866 3730 1959 4510 6299 5336 324 729 3445 5053 2174 1350 4910 3557 7306 3844 5563 8213 1648 964 3502 1335 6518 8701 1485 7582 8312 5504 3735 5011 5051 6422 5507 1772 9662 17 3279 7989 8037 8007 4778
51 4673 8661 4579 2859 571 2543 8789 6315 7750 4922 274 327 4008 164 332 5010 7437 843 2597 9583 3278 3538 1052 6044 6005 5634 5916 2187 9843 6662 4483 9105 2553 2474 5137 8427 1605 1659 5659 754 7292 1911 8422 2590 4143 6006 4278 8509 2195 9688 9392
55 2097 9853 4230 4141 9555 4481 6388 341 6503 2015 2602 7179 2617 4108 7134 7980 4650 2531 5342 4504 204 1444 4580 2823 5654 1115 8439 9819 6561 9707 6157 3057 8612 5211 8418 7301 3903 2100 1820 2264 7222 9766 1331 2202 6616 1932 1833 9482 9399 3951 2092 8451 6558 4475 4790
56 5187 6684 6420 7296 872 3140 8571 594 3615 5459 8700 407 8164 6476 7690 4054 7367 3443 2748 7438 6056 3042 1617 1651 4676 832 2767 7362 767 5964 1730 5408 2189 8447 1542 9303 1999 7688 3391 5830 2623 5608 7342 7940 2502 9506 1364 2909 3637 4280 8058 4756 8730 6472 3282 1853
46 3739 1780 1649 3292 1891 4569 3446 1507 3955 6550 1252 9090 3914 3671 935 7978 4643 4734 6118 9570 5955 8985 2293 6725 3482 66 7772 4845 4324 6359 4232 5183 2915 4463 2901 1518 4013 2078 5425 9495 6879 3217 5364 748 9911 3079
57 4093 5885 6103 2952 9469 216 6131 8998 7432 9737 5982 551 7843 4449 5278 7335 6507 8 7094 3574 2855 1933 3920 5645 2085 3295 2695 7676 142 1061 3122 1162 9440 7919 1215 3879 1407 5047 5384 3666 2833 9861 3024 6670 4916 6625 3405 8440 4340 528 2479 8502 3466 953 5721 7908 6072
50 3115 8139 9512 3747 3158 9588 1351 4472 490 629 4936 1559 4325 2684 1543 902 9735 5998 3535 6304 7625 2778 1008 8760 7754 1267 1641 1428 1678 9680 8791 857 4337 4168 1680 8664 1824 2843 4741 5864 7365 2549 7546 5911 8633 4069 498 3977 1749 7590
51 7393 7114 2743 5560 4682 3678 8751 3184 3350 7969 3598 1750 9677 1276 911 6490 1587 9217 7849 6924 9419 5816 1235 3074 4807 2930 2183 3123 6834 9742 9569 6347 6886 8876 5154 6486 9390 6185 9817 2325 6036 2917 1519 9984 811 3888 1264 3866 792 8807 7971
42 2036 2501 8150 6323 7895 1582 1116 9666 7136 7502 2588 95 148 4544 6810 7282 5378 7463 5016 9293 4056 9434 8277 1721 9277 6445 6340 1699 7159 4165 6786 1977 8168 612 5689 1571 6243 6852 6154 6350 9552 3846
43 474 1864 278 8658 5795 1575 7209 1424 7310 3874 7140 6446 3601 8004 2675 6819 6029 5856 7875 4288 8204 2731 2503 2983 2733 2352 6671 7227 939 4914 5869 3984 2153 9842 7267 1020 4601 1552 1903 4189 7757 8938 3066
74 3526 7959 4471 7852 195 5090 5411 224 7058 9320 9977 2149 5129 4249 9553 9075 1242 6537 2999 9026 7577 603 6007 2425 9822 2288 7248 9902 4904 4912 7370 429 214 1146 9514 2229 5808 7143 3652 4057 4219 9076 9749 2188 8066 3258 8984 9222 1300 8068 765 7449 5419 4368 5731 3764 7471 3108 7667 5693 9865 6678 7788 3791 5032 8704 8353 7345 2967 2926 5262 2016 9847 5953
40 22 9309 9505 1973 5891 558 6191 4683 6544 9905 5488 9396 4106 1370 9486 3896 6362 6673 7221 8607 8597 4422 2719 4447 4044 9616 5683 4329 5520 972 7299 9597 7072 3776 1913 6491 74 295 3053 1915
49 1082 6872 6541 2871 5347 9634 8209 6840 1330 2216 285 2413 2047 5965 3112 1310 7187 8036 8939 2839 6606 8320 4444 5743 2021 2842 9702 3418 9136 3622 5080 1556 7001 8770 2323 139 9336 9767 4949 9755 4404 827 2667 3409 9241 7561 6700 3941 5289
48 2797 5197 7558 6649 8304 2462 2939 8561 7995 4272 1937 3563 4801 5537 9769 8837 6511 93 7300 6962 8183 3751 3863 1080 2608 7394 3077 5541 5984 9146 4817 5860 2053 7806 3987 6603 1813 8558 4903 6282 2697 1732 9361 6032 6336 6549 8328 2339
45 7035 2763 7641 8574 1688 9259 9360 3144 3931 3088 9021 9664 8968 9671 1902 8124 9638 6902 6774 8857 623 9643 9355 2302 3737 3845 4644 3906 6161 2722 5457 381 904 5597 6384 5303 1305 6903 7939 388 1246 2598 2319 1206 638
49 1840 9319 5794 8175 1167 9225 5771 7671 2205 245 2239 4037 809 3389 2418 1858 6279 6078 5691 518 6778 7196 9104 7008 5612 5761 5281 9147 5494 9882 1018 4835 8184 1990 6133 1774 378 2337 4938 3237 8776 7709 8871 2962 3266 1769 6268 722 3607
56 6677 7090 3425 3518 9612 7077 7397 7119 5243 6938 273 7406 8476 782 2624 9177 6224 3316 1161 1577 4555 8839 7949 8443 8056 9530 8587 5535 6128 1260 1765 2426 9652 6178 5525 2044 3569 8346 6769 7492 4517 2505 3948 5567 1233 4055 9633 3265 8104 4251 197 9500 8354 3204 3704 5449
70 7619 7161 1892 4415 3537 13 4099 616 3779 5579 7122 6139 5928 3843 9417 6591 7273 3393 2091 8380 1513 9354 6828 653 6576 2662 5389 1539 4838 3367 81 362 2754 9660 3368 3439 7608 8490 808 6681 1928 6397 3892 8457 3359 2534 3575 9976 6942 1238 7417 7808 5734 7892 1212 8517 8745 6140 3400 1484 7568 2012 9385 1388 6425 4599 3160 3970 9562 4538
50 1384 7791 1863 9963 4371 8325 4132 5487 417 255 5385 4753 6640 9881 7601 6004 7868 5823 862 3913 6848 938 6125 3471 6750 8414 8330 7399 2924 8989 3829 8859 7101 6307 5325 8920 8653 3430 9773 3290 6322 5686 5055 5102 8190 6654 5495 3138 8872 8141
83 7137 2668 8927 9327 7422 5304 2320 3716 9335 5592 5661 7398 5035 5139 3814 8376 5067 1176 333 9915 6107 9535 2745 1633 1012 4129 1084 1856 4887 3037 4783 4665 3300 2592 5935 6927 8986 8609 182 459 5468 1191 6870 7312 3763 5245 7930 1376 1715 2375 385 257 5380 8622 3936 1724 4467 3630 5624 1764 3990 8300 4088 1047 8946 2644 9932 3626 3137 761 9226 883 9496 4794 9483 5889 8853 5613 1456 1854 817 5141 7454
45 7264 1957 2246 4082 1285 2005 2954 3696 986 6967 2072 8608 7036 3068 4316 3761 557 6970 42 7349 6115 409 337 1491 7812 1509 5790 7044 2318 2163 1400 3513 757 1135 4718 8223 2109 2853 433 8267 9013 825 7403 9180 3293
40 7859 9851 5858 1265 9880 5954 8518 9567 4940 8865 6850 6693 2145 2946 5638 6329 602 3711 183 5760 6059 9560 450 6097 5249 9172 7990 7740 483 2017 386 7557 2126 9515 8915 1956 6636 4584 4907 1406
48 5957 2210 8654 9334 1875 1409 719 8268 8540 2740 7962 564 5540 2391 7829 7504 4023 430 6943 5778 6019 1432 1588 5937 3870 2780 8063 4674 7491 1037 5110 1201 2671 8759 1551 3746 7439 8631 6658 1255 5382 4813 7927 9979 4448 7897 8428 4085
47 3090 4786 7578 8905 6085 6683 188 2782 8891 7810 5564 1768 5368 4806 5319 2992 1172 8600 1439 1787 3306 9627 1107 8206 8754 8813 2312 2399 9240 2701 3448 3697 6760 24 9436 9415 7571 4792 9161 3824 7621 2143 1029 208 8361 6130 7920
41 692 3373 9609 4815 5063 7615 4412 4022 7551 882 3937 8045 4389 4693 4240 4377 2120 7160 6794 3349 8245 6717 8858 8628 4121 1532 6335 9229 2117 1881 5177 2397 2467 3740 4527 7767 804 4634 2136 1254 8848
54 2485 5996 7905 5276 6539 2009 6205 4 5228 648 3313 9920 2868 1356 8137 2799 4944 4875 2633 1814 9446 9181 5664 8764 7951 2445 7327 9722 4039 3958 2414 9272 679 9587 7050 9524 7326 8484 1797 3801 726 3078 9082 2190 2218 5622 7106 6050 2783 3036 605 7188 5040 2612
68 6626 8854 2816 1443 8260 1142 6919 33 5267 7038 2226 662 9422 2573 3580 5169 1323 1984 8369 3302 7092 2988 8966 4587 4193 127 5250 9858 1779 2645 7526 9754 1742 1758 2989 3992 2181 2079 1938 391 8397 645 3978 5962 1740 4868 3586 4487 9149 6685 4119 3996 3773 5692 3922 2166 1712 4729 7097 7987 7377 9883 7838 4642 8996 9492 5423 5450
54 3374 4822 4827 8017 4097 9830 3376 9339 6653 5226 1359 48 3665 5780 7680 8099 6575 9781 9871 6635 8138 3732 6912 3071 8788 7848 2514 8459 1108 1328 6601 584 7414 5058 4234 4503 5478 8963 8044 3274 3633 1777 6668 6958 9262 8461 3011 8910 4952 7887 7552 1879 211 2966
50 4649 6833 2802 7702 1016 4591 8519 941 1994 2465 2459 9127 7413 3205 7524 2551 6596 25 4306 2721 5791 998 621 4726 3839 8563 2674 7867 5872 4684 8707 2182 2387 7572 3431 4312 5724 296 4492 4947 7373 7521 1616 9176 9315 6832 9545 7699 4589 9353
58 6594 3725 3485 6155 3591 4431 510 8434 3338 7005 6271 7904 4003 3635 4866 9834 6598 995 5720 6020 3495 639 9958 9418 125 8744 9152 2894 8420 8652 7516 1057 7925 5571 1189 5867 8606 5391 6980 4006 5268 8496 3285 9579 4854 3113 8060 3029 2114 8766 7630 9042 589 2251 4156 9884 2335 305
54 7287 6083 2438 3114 974 9100 6034 611 2378 2807 3745 8333 94 6999 315 1296 2346 4043 3324 3572 7871 9157 7831 8685 445 4542 7652 9823 8834 3825 607 6414 6222 457 3890 3136 9785 5081 5076 2765 9635 6905 9729 7958 5991 7683 1440 8623 1499 6651 5510 7192 8090 2564
41 4513 4609 8655 2533 7637 3048 2129 6483 68 2317 8708 1762 4558 4960 4480 8052 4598 80 9346 326 2696 6746 9574 3942 5383 6238 8156 5212 5217 6231 5482 3462 9885 480 3175 1078 763 6792 6748 947 6979
57 2682 129 1239 1788 9937 2212 6405 7647 7565 8458 4691 8757 5002 1234 4208 1333 5372 1329 4348 1186 3811 9206 3305 4285 8816 8453 3321 5800 8763 8396 9047 3610 4685 3539 264 5074 4136 5221 7065 9294 3964 1510 4941 3558 1570 784 4728 3505 4967 1154 2351 8642 5784 5703 8352 7648 9701
53 4834 7237 1173 1593 3862 701 5834 5317 1569 4939 3252 1096 2577 4965 9034 1093 6952 9791 5576 2313 8407 6553 908 6574 1397 8777 9694 4171 9683 3621 5083 4844 8890 5312 9351 3493 2619 212 850 4562 2975 845 3867 2769 1120 9990 2654 4047 9410 6508 5036 5593 2929
51 2622 1817 1595 1292 1804 9776 6730 8970 1805 7170 7703 6015 8468 9863 6913 3603 5027 4330 5702 2041 6871 5967 8951 5263 5214 8442 4245 6803 7272 283 3524 7473 547 2907 9551 7061 9827 1874 8303 1604 8178 9527 9255 5500 2583 3035 3606 4308 8562 606 0
52 8035 1979 9738 8095 4999 2493 9811 1865 5095 4549 8535 1322 5176 4252 288 9516 8436 9086 1204 6619 5381 1492 7423 9875 5642 217 8301 9762 1226 815 6170 351 3357 9916 9720 3877 3054 3803 5675 225 3799 928 7975 161 7982 5906 1671 5369 2908 5416 8585 6608
66 2582 7910 2353 3785 2846 9325 8625 1442 818 1734 2567 3608 2457 3397 71 1250 1163 7125 1263 9629 4929 8715 4727 177 3523 5146 1486 5173 4552 2455 3519 3457 4081 3762 5926 4224 6963 5923 60 153 1534 5096 5322 6764 2159 3551 984 6024 8351 4296 8165 6758 5232 9974 112 7508 8237 7348 4804 6396 8358 2156 7797 5168 4105 1771
49 3281 8852 7891 6839 7964 3700 4214 6266 2490 3656 1184 4971 690 9340 1408 1862 1852 8539 3423 2521 9751 8290 9756 9991 9447 3433 5853 5167 3971 7729 9797 9252 8236 2726 4490 7691 8305 2804 579 4518 5460 5646 1647 1739 2605 3095 6437 8336 929
57 4695 8881 7858 6676 8485 5764 1763 799 448 5170 4331 8547 2723 9129 2786 8173 9219 8034 4779 3419 323 4166 8492 614 9093 4021 8157 1378 7229 428 3263 5653 4762 2539 5907 1024 7567 837 1514 3416 9966 6531 460 7820 2144 5752 3995 8543 1060 4717 8826 9952 3876 4874 5446 1550 1737
51 6791 9003 8722 3465 3126 205 622 6672 2808 3950 7663 4946 5291 9126 5039 5641 373 3304 7666 5116 4962 5415 1155 5054 2278 6171 8153 8070 8662 1340 9212 4384 8279 8950 3380 4349 2812 2852 8576 520 8786 1243 6 446 3826 846 5299 1085 7932 9477 3501
58 7644 4706 2472 6712 3713 5188 9956 6665 5697 3369 8849 9110 7380 6404 685 2965 2818 7480 7559 6247 3381 5397 3623 1638 7814 389 6816 7851 803 3191 1053 1217 86 8698 830 6216 2520 3685 8923 7450 344 1627 3953 9778 8714 8843 6002 7276 2341 7315 3554 2968 2734 241 3414 3966 2589 7042
53 6236 4188 236 2427 4846 402 2460 3392 8416 2110 4338 8555 9714 414 5119 2032 2910 8292 1321 3802 6499 9270 7433 742 7822 5848 3043 355 8678 3097 9676 2423 6443 8091 673 3625 6203 4583 6232 3905 9909 615 7489 8252 987 9565 8281 954 119 7151 4072 5218 969
67 5024 8482 752 7789 8181 4917 4810 1706 9623 1121 8182 263 8932 3294 4923 3577 5943 3979 5687 1766 5710 7594 5147 3236 9037 3709 2279 3046 1872 2655 5566 7152 9591 3481 1346 8148 3782 9536 3020 695 8506 4336 9234 2389 2937 3939 453 7328 540 5875 352 5586 90 6688 9598 9906 1390 5544 8795 2997 1717 3009 5366 8472 8974 3967 2357
55 7080 7860 7443 5424 5441 1324 9383 6069 665 5309 2450 3245 689 28 2103 6532 181 9838 7659 6951 3340 5020 1362 4355 8761 4653 4885 1847 2010 7719 3283 5660 3831 5758 963 9564 3492 9398 2393 5652 5787 456 7402 7773 1462 5969 3192 3707 3570 306 7955 6966 7174 1646 6642
44 3110 8373 9316 5045 9308 2235 9561 5113 8636 6174 1416 5201 6198 8734 8808 7494 6987 1561 733 7734 9868 5351 3412 444 1032 4499 8711 2781 9368 140 3676 4765 3428 6101 7917 2211 126 4546 6634 5815 3399 4436 6578 6448
69 3925 4451 4803 7882 2027 8227 1946 9907 1348 3463 5015 334 5133 5927 1710 8809 4477 7285 7064 5938 5587 1803 3135 8593 2209 5452 4379 4848 5042 2874 7562 2321 9333 1009 2538 5489 5882 7865 1675 9179 9028 151 9949 4317 3609 4798 3954 7686 27 4757 4264 8275 1931 7169 2574 2364 5124 9313 1517 9271 7984 3363 6358 7825 3853 7115 8682 9746 5672
62 9264 9458 1069 7880 5751 9113 8149 2918 8695 7654 8879 3496 3470 8365 8699 4238 6613 5796 506 6367 9228 4632 2063 6211 2663 8219 1097 2473 5619 7777 5354 2819 509 9377 5892 2724 3988 6763 1619 7587 7147 1976 9191 2134 657 5717 3921 3104 2744 8210 1655 6881 8603 6318 6580 4950 5831 6026 5018 7807 4199 9049
43 2922 5873 536 3982 5602 5070 2154 6754 8775 4991 5985 7519 9846 968 1850 2311 7057 9124 8591 9235 2444 7245 4446 7800 1942 4982 5931 7722 1607 4507 3268 6150 9653 9137 396 1240 7207 6602 5725 5971 8748 8987 5458
42 8069 8389 8285 6127 1807 6487 8334 6435 9007 7643 2635 5031 6990 9529 6593 4686 917 3847 6477 5115 7173 9314 8953 6481 6718 2641 8838 4615 3383 6781 1890 1880 8842 8981 1936 7184 6851 1380 4680 5466 4702 1562
69 3061 3805 5120 5313 3148 9158 3682 8203 9247 7281 5503 2570 7682 2422 6312 8640 6148 560 5131 4241 3786 3174 318 598 2920 1720 6122 9416 4789 5865 7714 9687 173 325 6413 7616 7728 6954 652 4284 7461 3753 7748 1430 6517 29 865 2876 8933 2287 4191 7792 1168 3033 6089 5792 4973 8464 9283 7493 7256 4595 8332 8538 2565 2370 3619 4071 4302
55 3118 9405 8486 4163 8356 6146 9975 2398 8471 2815 3005 8345 6552 4606 294 4120 5657 160 922 6949 9989 9305 5750 4153 2898 730 1837 6275 8982 2692 8118 5730 9648 2630 3708 3854 8166 6873 9144 5292 7260 5742 4979 8278 461 2139 7541 7837 5700 1791 8454 4703 2537 6493 9832
45 9431 7259 9657 5545 1921 3468 9796 4478 7166 7313 7048 9080 3933 5260 7997 9244 8501 6468 5723 3642 475 9510 834 7718 3116 8399 3750 1454 4091 440 8619 3531 7620 4124 4554 5958 6526 7673 750 7271 1838 4997 5117 562 8073
42 3910 9060 8885 6687 4759 7416 2548 8357 6215 2669 365 7089 7230 7774 9632 687 3510 7376 2469 1832 7407 3444 6660 6838 8703 3247 3040 7520 3427 3473 1599 3038 494 7004 5559 4725 9304 6822 7736 5900 3120 4961
56 2232 2115 6284 4990 2432 7535 5348 8613 7290 7330 8554 3731 1144 4018 3636 2146 3483 6182 1253 9210 9782 1367 6176 7662 4901 1150 3143 9406 875 1261 123 8510 7476 4663 9549 9169 7016 6632 5663 5779 7650 5981 9972 9230 1457 2361 2403 6372 4636 2522 4494 3804 2093 6258 8797 3422
49 6971 7124 1594 463 5842 866 4651 1581 4122 801 1489 7658 4688 7202 8860 3477 786 3319 7839 103 7440 1821 5639 1283 6250 9931 8025 6543 2481 2430 4418 2415 1110 4760 4824 1502 6932 700 2889 8113 3837 7689 2618 2475 8889 8912 8318 3668 7555
61 7351 2689 3312 3456 5514 3255 3916 56 3790 2834 708 8835 7794 705 8553 3620 5963 5191 1143 1361 7325 3717 487 7591 8172 3823 6694 529 2045 4074 7636 7758 8000 4401 5012 2593 9971 8635 223 9168 9156 6534 6360 890 6301 4040 8299 5610 3165 9364 7474 8824 9895 6418 1628 3169 3460 6565 2376 6935 8151
72 8740 704 6330 4675 7681 7948 2437 9296 3515 8586 3356 9844 5676 5361 9826 9455 3358 1584 40 491 9951 9658 7550 3150 3341 5224 2034 8598 4468 9215 3832 1398 4145 952 7392 9866 4439 2584 5008 8931 1419 7145 8533 6280 329 317 5490 6239 5618 6165 3109 1997 8580 3240 9133 4496 1151 5254 7877 7824 6479 442 1663 3315 586 2368 3498 8964 9806 6209 2050 3553
47 6082 6520 4077 1207 2914 6111 5656 1592 186 893 7120 7517 6732 8820 9081 2753 4586 5471 3351 9087 5666 3299 1782 8877 8242 5400 2471 7361 7386 7811 4497 823 9571 707 9130 2653 14 2821 1001 4618 4142 3808 6729 8680 7017 820 566