87 8727 5606 7468 5806 5140 4089 3733 4073 5464 5086 853 9369 596 5513 235 532 3154 3220 5258 6892 2056 6328 9166 2899 5980 7916 1126 3965 6172 8120 1666 7983 3004 3269 1104 7426 3424 4545 9295 5827 2384 9960 3593 8197 9649 1992 6331 6341 3337 1128 9245 271 7595 7593 4160 7645 3215 1669 1480 5172 5253 4864 5635 6062 6489 2233 946 9821 9745 691 5783 7457 9056 322 9986 7994 8663 2130 3202 6416 5151 7506 1090 5614 117 3155 5522
80 9697 5204 5705 1884 8355 6605 4359 7888 8444 5343 3026 3699 5695 7804 3089 988 3899 2756 6779 4625 9988 7869 780 3695 5432 8483 7912 7653 6652 1713 8109 1963 8466 6780 7206 9939 6348 1962 2646 7640 910 3617 5143 2094 200 8650 2177 4459 2657 6441 2949 6484 8064 738 4829 6821 3301 6906 541 5144 237 7194 8050 1871 2329 7357 2436 4247 4158 2610 1747 8338 7512 250 4123 2840 7934 2026 6600 4411
90 644 6106 8239 57 72 7540 6564 5845 8110 1092 97 9950 1308 965 7664 3171 9802 6419 3629 8818 9254 1778 1341 4491 6488 5269 4294 9534 6366 6752 9067 1503 3929 4648 2224 5379 3909 7976 4150 2828 1882 3179 604 6771 8086 4482 1578 9341 331 6547 2276 1686 712 3030 2793 8790 7012 5828 6173 7717 3441 4724 1687 6399 9918 4004 749 7307 343 1996 2158 856 8846 6961 3326 900 1968 4572 4388 5714 5213 1122 7037 9812 6096 5824 3684 7993 2957 9606
89 8916 9765 7678 9401 9348 7999 8441 2248 6255 8887 454 8691 6091 7132 578 7628 2795 7760 8880 5915 1640 7622 5375 6713 439 9074 8686 2728 5539 4639 7850 2298 4652 9877 6981 6904 8995 9227 2407 6344 5548 806 1282 7944 5832 9131 5306 6991 7573 2869 4882 5030 1383 5315 4185 2679 7870 1088 9471 6941 7183 2716 8131 4646 5582 3864 7429 3595 6068 889 7095 6560 2309 9970 7332 7818 6581 6356 5550 4867 169 9531 5546 5527 7390 8265 6884 6516 7447
85 2563 3555 6809 1423 1025 5273 121 3690 4737 4029 6137 1573 1205 6862 4407 9559 8893 7992 1471 5855 2615 3571 5345 5005 6449 2371 6818 2262 7448 1520 84 4633 2408 5521 7525 724 5062 2113 4441 5316 1338 2054 77 9630 8917 7639 2299 1494 6253 3432 7918 8083 6925 5905 1288 8295 8503 9513 2995 5774 2873 927 4164 3775 3347 7387 6242 8469 6129 8823 3249 3521 8494 5706 2172 7171 2466 9825 2192 7372 3583 9563 238 47 5392
88 3081 591 1218 8198 4228 2382 2665 9249 5454 6627 1859 9164 1752 2631 5966 4011 7584 1113 4127 9209 5294 4019 2087 5181 8302 1684 3639 3752 5844 3542 7486 8899 6257 8136 8417 8154 4978 7957 3186 4748 716 8055 5888 8694 5948 4626 9188 9302 6854 7942 6308 4898 3107 6272 7563 3195 8455 9605 8735 3507 5059 7341 8367 1488 9675 1767 7063 6875 5358 1086 4425 6984 9595 5405 1896 6041 2888 9433 5901 9787 2483 2410 2354 8081 4453 3658 6920 3660
92 7533 7045 2677 4354 9801 2566 4607 184 100 8449 3517 7819 9929 4819 4243 1174 1100 3641 122 9395 3149 4800 9940 9678 8693 1702 7363 797 5625 3683 7986 1344 4356 5252 5975 1303 9362 7250 3738 6100 6351 788 3239 2237 5390 7381 4612 1236 4571 6252 6946 8225 4484 8637 6978 5897 2282 2388 8390 4405 1369 2448 7802 1145 1622 8556 884 7753 9772 4259 6918 8481 2943 4443 7243 7049 4157 2764 8212 5518 5876 6310 609 7031 7395 4461 667 2998 9620 9852 7737 8864
81 1448 4772 8195 1320 4427 1349 8546 6440 8188 5014 3032 3328 8016 4592 7596 1926 932 1182 6506 2882 4485 6219 9874 1802 9790 7412 2142 5417 2236 7177 6965 7384 5331 6945 4974 3277 1800 3219 4408 375 6527 8311 9266 3172 4488 3659 5427 4888 9029 5561 8231 5680 497 3180 4111 5328 971 7881 5732 171 9250 6412 7798 2119 871 7079 5248 4049 3193 3016 6696 1723 9276 2902 4385 9430 8192 5094 6458 1476 6936
87 7503 4341 1795 9343 4001 4438 3177 2932 4343 2883 5350 1417 1827 6018 5108 6201 4896 717 6638 672 4095 620 7022 6305 9732 2872 7275 6480 8467 677 2379 4053 3410 4364 1036 1656 632 530 9899 5041 6926 1232 4925 3257 6079 1660 2112 7322 5951 8537 8108 4557 9280 3291 4423 4977 4519 3101 8567 4763 8919 1007 9297 9439 6217 2062 3344 8319 8741 7603 671 1989 1644 3486 2328 4619 420 5712 8310 8470 1051 647 5158 5997 3559 3886 2581
82 8888 7903 26 4764 8291 8208 43 4429 6843 6500 9459 1970 5809 309 8395 7052 1522 5498 6319 2893 1127 6195 1991 9525 8992 5107 6370 272 6915 4437 2322 3596 9783 5678 2487 4814 2038 2186 18 5843 3327 7317 1704 1005 5118 349 660 8945 6679 8040 3650 301 2820 6908 8262 9692 2256 7548 5817 8610 8019 1058 2300 6929 3354 3770 7218 4528 6292 2068 5547 7201 4309 4236 3935 6038 1819 190 2637 2944 5934 9673
99 4560 4128 6047 9382 7231 8821 675 3689 9236 7661 4743 1822 3795 3529 2800 3013 8377 10 6256 885 4745 2555 3230 2864 7841 2858 8413 5073 4655 3331 6631 9860 268 1744 1597 1410 3946 198 4500 9098 6572 7217 2738 4107 8243 6944 392 4265 6027 1866 6800 9566 6326 2751 146 1334 2446 2406 5776 613 3039 7484 859 7861 6190 4454 4988 538 3724 7240 465 9263 5195 1783 9053 4826 4281 6661 3851 9730 2486 6738 7556 5688 290 4911 6844 4787 6334 2207 7018 6724 897 2274 5603 3749 9300 16 2258
97 3728 3420 9287 7073 6207 735 9501 8514 5285 7805 7232 492 599 8392 2810 4161 4134 519 7459 3902 2350 5709 7241 7898 9023 8430 9423 6609 3528 9231 7746 8930 2124 2098 4084 2373 6707 9748 8739 218 6423 462 9750 7623 9143 3044 6332 2025 7279 9619 9584 4277 9901 6374 6110 1751 4933 9999 6728 6812 898 9371 4061 5160 319 9994 9896 9347 3962 1808 1716 2961 9394 8216 2606 3944 2230 1965 4541 8359 6469 5462 9078 6432 6702 5048 4808 1801 1547 2222 8646 6525 4511 9183 99 5414 3254
90 7034 2396 4957 3244 3461 3663 7950 4300 8072 5122 3705 219 7219 3783 3911 1961 4367 8217 8006 8705 8614 6975 7536 5899 6669 1089 2519 3723 5410 5528 1178 6614 4233 1672 6637 8675 6000 3270 4206 79 7288 2579 9723 3923 961 1585 8713 1855 5271 9196 6391 9048 4180 2513 2673 2609 5435 766 2066 6666 9544 4222 2348 2569 4458 5829 207 5623 2305 5746 7872 3401 1718 4870 2400 7833 985 3360 769 2363 2805 5111 6439 6120 4257 9437 1848 6960 1642 3494
98 2193 4840 4046 5744 3272 8595 1004 8827 5508 2169 1314 1657 3286 2304 8337 5877 5121 7845 1636 5060 3781 8873 8128 2903 5516 4305 7421 1056 9639 7549 2620 2331 1812 9715 9480 3983 9672 8082 5711 1983 4297 6849 8684 796 4207 5647 7564 6049 6953 9224 4174 3455 5339 2344 404 7155 6433 6901 379 8315 1557 7344 2507 6430 3957 4567 3235 1652 4710 7981 2316 628 9404 1761 1467 7410 8855 6682 978 1727 899 7826 709 3991 5718 5022 9120 8676 4709 145 7149 8856 5658 7054 1180 886 3487 4419
84 3271 1169 6377 7318 5456 7511 4399 9350 6267 7295 7866 2358 3370 3561 3833 226 2057 8947 1068 5393 9372 3458 4048 8783 5222 8515 51 2941 54 7907 6189 1498 4508 4414 2851 1939 4000 6863 6325 5788 2270 6659 9556 157 8973 9965 1431 6317 9603 7514 7527 5257 9831 8672 1849 6973 5590 2266 9118 3365 3310 7415 6937 3411 2263 7364 4530 5682 6291 1299 3766 203 4334 4869 7478 1403 8806 7456 1445 1357 3924 775 7164 9669
83 1083 4002 5367 451 8928 4133 5386 3208 7334 7257 1067 9242 220 8732 3780 5437 989 2862 2171 1280 1540 4117 5690 8895 4975 4470 2220 1908 4420 8308 5387 9522 4148 2687 2332 646 1175 903 2168 2560 5551 3712 813 1545 8170 23 4932 9178 9733 2512 3840 350 4976 1986 8994 8401 5674 5093 3010 2860 9065 4246 8282 8942 7085 3809 2286 4833 2439 9857 1401 6276 6063 2956 6785 4020 7885 5863 1897 4279 5255 8531 4574
84 5199 8582 5033 8908 369 3147 4884 7642 9116 6533 6894 8246 693 3947 5887 3371 3084 1878 8692 3532 627 3861 9408 6933 9962 4744 7901 3362 2451 6618 298 2217 1208 9708 6939 2069 8875 7835 1298 9125 8975 3197 7482 1709 6522 7265 3388 2867 2347 9800 3330 1988 405 789 6179 5898 6856 281 5398 8088 4320 4211 6313 1693 104 3000 8057 901 5762 6562 2607 3768 3859 4345 9317 6241 221 669 4536 5236 7695 8348 4390 9575
88 5164 9413 3348 1039 310 944 4065 9412 7545 279 6798 2023 6772 6427 36 2511 4104 6504 21 6866 3960 8321 9443 3166 810 4346 9621 4080 485 2385 9292 5056 6147 6744 7531 9411 7744 4244 6878 2627 2562 4881 1188 4670 1815 5878 1754 158 3170 6220 3674 5922 3813 2061 406 3928 6192 877 8736 8387 5453 1753 9163 7032 7246 8382 8001 9936 8737 7731 5017 4311 9593 4850 6521 3961 6663 7721 6592 1311 6464 2484 6039 3058 4613 3253 3408 4547
82 320 2801 8087 1490 5282 5138 6513 5785 1950 5812 178 6303 8566 8649 6456 555 9523 5323 2927 4860 5200 5373 5569 4616 9691 8630 658 8892 5404 1452 9388 9367 7544 5673 2714 5556 1955 6706 4849 3789 1429 4926 6262 7062 9876 1728 9323 6497 3472 2642 59 4582 1438 8667 9187 58 110 1302 4630 496 6229 3889 9009 2601 4177 7286 3070 4537 7638 5190 2572 942 9427 7126 1475 1941 1274 1363 3883 133 5360 6715
85 5649 5220 5088 230 4012 9198 2935 2480 8364 9376 864 7026 1273 9655 8191 1650 8706 6014 9709 9736 9311 6283 1386 7107 1427 7696 7075 3047 9438 8309 2107 8327 5819 9243 1630 7537 9298 9261 9656 192 5699 4303 8772 2301 135 8723 9651 6136 4523 3223 7131 8572 6495 2356 6855 4321 8516 1196 4561 3238 9592 6628 4605 1980 4559 5988 1618 9046 2374 6159 8186 768 8314 452 2986 5861 5134 1889 3189 703 4378 7605 2976 3076 2518
93 3323 8406 1925 499 6501 7705 9503 3072 2831 1119 3999 4730 8031 2772 8784 2844 3576 2452 5406 919 7769 2141 2832 2464 5836 1465 4796 5242 8643 3007 9917 2699 6030 9540 6996 9955 6088 9475 1885 6546 6087 304 1530 3973 6177 8306 781 7434 9445 7712 1307 3459 2905 3675 8709 2661 3976 2953 9202 2814 2508 9872 7255 251 3256 8185 2269 3885 5327 3972 836 6463 5072 5006 9091 3520 1470 7968 4397 1244 8142 6434 321 1295 3579 744 9265 1277 1327 5543 5049 892 6799
82 9421 6795 7635 7337 174 2440 124 1433 3662 39 6745 4386 8446 723 6940 1336 3218 7214 287 1677 4392 9387 5089 9473 6930 1683 3605 8549 6782 5562 5849 8047 4410 5755 9814 1094 802 4183 3597 5701 1289 9684 7602 383 4837 8841 289 6535 2596 1637 3308 242 4658 8799 3478 4662 6306 6524 5061 6206 9159 8085 3651 8065 2890 7685 930 8801 83 6116 8235 9027 5112 5756 5668 9326 1673 5903 9286 1064 9349 3075
101 6612 501 7385 6149 8778 3212 2775 1055 1598 9568 1995 5577 1213 8782 3198 45 2993 4740 4852 5301 4239 1900 8819 2040 6042 6153 4671 2575 1496 9604 1389 1373 4780 9839 6983 4050 1580 8379 5722 8534 4958 4366 7056 8898 1102 777 711 1906 2065 9485 7783 6805 2950 1868 7081 6084 3865 2273 7430 3893 6617 4565 1870 6633 9389 7167 3489 2936 8480 8929 7781 5084 9457 6538 8621 8013 718 3661 6368 2506 8115 994 2528 9947 8143 3087 3287 9804 8033 4879 8221 9465 3332 2067 2260 5421 6138 179 5370 2180 5999
97 7698 2648 3706 6584 4535 3142 7424 7510 4363 8147 3181 4290 4030 1947 2600 618 9665 1313 5866 3730 1959 4510 6299 5336 324 729 3445 5053 2174 1350 4910 3557 7306 3844 5563 8213 1648 964 3502 1335 6518 8701 1485 7582 8312 5504 3735 5011 5051 6422 5507 1772 9662 17 3279 7989 8037 8007 4778 3952 4749 5505 4570 7150 5786 8478 7033 469 8412 7144 8810 5430 7233 4543 1845 8648 9889 5264 5651 956 5161 7965 6889 5956 844 8038 831 7339 2488 8071 3093 6959 3504 9933 8959 2613 3997
90 4673 8661 4579 2859 571 2543 8789 6315 7750 4922 274 327 4008 164 332 5010 7437 843 2597 9583 3278 3538 1052 6044 6005 5634 5916 2187 9843 6662 4483 9105 2553 2474 5137 8427 1605 1659 5659 754 7292 1911 8422 2590 4143 6006 4278 8509 2195 9688 9392 5841 3989 4791 7627 6623 8022 4010 8313 2125 76 7497 416 374 6246 3105 753 1325 9710 9273 6645 7216 5241 9734 1700 9925 9590 9414 1464 1623 7047 9912 8668 387 1426 958 5509 276 5818 1975
92 2097 9853 4230 4141 9555 4481 6388 341 6503 2015 2602 7179 2617 4108 7134 7980 4650 2531 5342 4504 204 1444 4580 2823 5654 1115 8439 9819 6561 9707 6157 3057 8612 5211 8418 7301 3903 2100 1820 2264 7222 9766 1331 2202 6616 1932 1833 9482 9399 3951 2092 8451 6558 4475 4790 1271 4100 7069 1899 4310 913 5 8103 7425 2827 9462 9645 3796 9943 2259 8046 1210 4215 7451 1924 6338 3587 3289 4275 2990 4677 5738 5182 7515 5801 4083 4828 8161 9793 9409 8897 143
94 5187 6684 6420 7296 872 3140 8571 594 3615 5459 8700 407 8164 6476 7690 4054 7367 3443 2748 7438 6056 3042 1617 1651 4676 832 2767 7362 767 5964 1730 5408 2189 8447 1542 9303 1999 7688 3391 5830 2623 5608 7342 7940 2502 9506 1364 2909 3637 4280 8058 4756 8730 6472 3282 1853 2234 2629 8589 5589 5669 5854 7180 37 1564 6269 6573 9491 340 4623 1130 8601 7741 878 1535 3317 1451 6825 30 6585 9375 715 2179 1701 3975 4178 8228 6410 6869 1270 4116 3657 9576 3006
85 3739 1780 1649 3292 1891 4569 3446 1507 3955 6550 1252 9090 3914 3671 935 7978 4643 4734 6118 9570 5955 8985 2293 6725 3482 66 7772 4845 4324 6359 4232 5183 2915 4463 2901 1518 4013 2078 5425 9495 6879 3217 5364 748 9911 3079 1497 2599 5180 8089 3550 626 8718 191 6095 6197 6957 7935 1978 2245 5713 5225 3361 9699 6270 3655 7759 8581 4769 3096 7938 9489 3628 2046 3018 1682 152 4173 5128 4110 5237 384 794 8123 6802
94 4093 5885 6103 2952 9469 216 6131 8998 7432 9737 5982 551 7843 4449 5278 7335 6507 8 7094 3574 2855 1933 3920 5645 2085 3295 2695 7676 142 1061 3122 1162 9440 7919 1215 3879 1407 5047 5384 3666 2833 9861 3024 6670 4916 6625 3405 8440 4340 528 2479 8502 3466 953 5721 7908 6072 7168 2257 2881 9142 35 8557 486 4720 4841 4647 9711 2759 118 9275 848 3759 9721 7455 412 9397 5287 3654 5759 1278 8870 7003 4256 1964 6857 3891 1703 2377 7655 661 3616 8513 2019
88 3115 8139 9512 3747 3158 9588 1351 4472 490 629 4936 1559 4325 2684 1543 902 9735 5998 3535 6304 7625 2778 1008 8760 7754 1267 1641 1428 1678 9680 8791 857 4337 4168 1680 8664 1824 2843 4741 5864 7365 2549 7546 5911 8633 4069 498 3977 1749 7590 5553 751 4260 7585 1046 4421 8568 9573 4102 5536 7190 569 1343 7343 8971 239 6474 7104 8632 7475 1793 3015 9747 7304 82 8861 4690 6343 5533 2037 535 6947 2887 4865 5708 8158 3836 9140
88 7393 7114 2743 5560 4682 3678 8751 3184 3350 7969 3598 1750 9677 1276 911 6490 1587 9217 7849 6924 9419 5816 1235 3074 4807 2930 2183 3123 6834 9742 9569 6347 6886 8876 5154 6486 9390 6185 9817 2325 6036 2917 1519 9984 811 3888 1264 3866 792 8807 7971 4857 1286 7470 1436 9807 9006 807 9695 5573 2768 840 7956 228 4184 7027 4201 7726 8378 2170 4959 5311 2498 2052 5940 5402 2292 6466 5332 3467 4146 9195 2076 2526 4721 1811 7738 9650
83 2036 2501 8150 6323 7895 1582 1116 9666 7136 7502 2588 95 148 4544 6810 7282 5378 7463 5016 9293 4056 9434 8277 1721 9277 6445 6340 1699 7159 4165 6786 1977 8168 612 5689 1571 6243 6852 6154 6350 9552 3846 7441 5707 5921 88 8272 92 9809 7483 7043 8248 6225 5210 513 2255 5822 9162 1786 8673 6008 3182 3314 7175 6831 8062 9014 441 1974 4152 4701 6588 8907 3800 3564 4534 1929 9764 3178 2049 5152 1134 2219
82 474 1864 278 8658 5795 1575 7209 1424 7310 3874 7140 6446 3601 8004 2675 6819 6029 5856 7875 4288 8204 2731 2503 2983 2733 2352 6671 7227 939 4914 5869 3984 2153 9842 7267 1020 4601 1552 1903 4189 7757 8938 3066 4506 2897 2945 6023 5374 5529 6226 6753 1966 1136 2640 6380 6997 5838 2680 6455 3648 7610 2806 2742 9138 3259 5334 6327 6407 6387 8098 9760 5362 1806 8771 522 7823 9601 549 7444 9637 2896 1111
112 3526 7959 4471 7852 195 5090 5411 224 7058 9320 9977 2149 5129 4249 9553 9075 1242 6537 2999 9026 7577 603 6007 2425 9822 2288 7248 9902 4904 4912 7370 429 214 1146 9514 2229 5808 7143 3652 4057 4219 9076 9749 2188 8066 3258 8984 9222 1300 8068 765 7449 5419 4368 5731 3764 7471 3108 7667 5693 9865 6678 7788 3791 5032 8704 8353 7345 2967 2926 5262 2016 9847 5953 1799 7894 4450 8645 8831 1667 8683 9816 9833 7274 1544 4114 1691 3211 8524 6428 9659 5324 2931 9903 5028 6716 9148 8979 4328 3736 1770 592 6621 8222 4380 3027 6184 7303 4155 2018 3506 7743
79 22 9309 9505 1973 5891 558 6191 4683 6544 9905 5488 9396 4106 1370 9486 3896 6362 6673 7221 8607 8597 4422 2719 4447 4044 9616 5683 4329 5520 972 7299 9597 7072 3776 1913 6491 74 295 3053 1915 8750 9728 949 7874 5021 3250 822 7408 6451 8615 7665 5100 2785 9908 4776 3086 7626 3343 8918 8746 909 659 7084 7404 2060 1297 472 2429 5307 8307 9424 682 4746 835 9596 4318 2587 9251 829
89 1082 6872 6541 2871 5347 9634 8209 6840 1330 2216 285 2413 2047 5965 3112 1310 7187 8036 8939 2839 6606 8320 4444 5743 2021 2842 9702 3418 9136 3622 5080 1556 7001 8770 2323 139 9336 9767 4949 9755 4404 827 2667 3409 9241 7561 6700 3941 5289 1910 7876 5671 1103 9580 7358 6887 7490 7113 533 7359 966 9481 1124 8926 839 4793 7857 2101 270 5993 478 8286 9122 5371 9654 2102 2494 6842 4062 2148 9696 3511 2571 1074 5526 3303 9139 1309 7501
87 2797 5197 7558 6649 8304 2462 2939 8561 7995 4272 1937 3563 4801 5537 9769 8837 6511 93 7300 6962 8183 3751 3863 1080 2608 7394 3077 5541 5984 9146 4817 5860 2053 7806 3987 6603 1813 8558 4903 6282 2697 1732 9361 6032 6336 6549 8328 2339 1259 9328 6408 2002 955 3624 2428 7900 7002 8523 4383 2826 144 5530 6021 8689 9119 756 9640 8125 2886 1195 4435 3318 601 6867 5523 4266 4391 9624 4140 2510 8255 5912 3807 7013 2948 8780 6394
82 7035 2763 7641 8574 1688 9259 9360 3144 3931 3088 9021 9664 8968 9671 1902 8124 9638 6902 6774 8857 623 9643 9355 2302 3737 3845 4644 3906 6161 2722 5457 381 904 5597 6384 5303 1305 6903 7939 388 1246 2598 2319 1206 638 4430 2383 6053 3085 4723 2693 3756 4035 4593 1504 5662 1696 382 5075 1230 770 2247 34 3234 1014 6509 1719 5846 5879 9761 5811 6461 950 2275 8244 2196 8144 3480 7371 2546 2541 1164
89 1840 9319 5794 8175 1167 9225 5771 7671 2205 245 2239 4037 809 3389 2418 1858 6279 6078 5691 518 6778 7196 9104 7008 5612 5761 5281 9147 5494 9882 1018 4835 8184 1990 6133 1774 378 2337 4938 3237 8776 7709 8871 2962 3266 1769 6268 722 3607 4578 7684 4292 9554 5349 619 8904 868 7878 2267 4563 6389 5476 3919 3450 4920 2381 9039 395 8152 5077 9085 6395 4067 9499 9077 2118 3998 5023 8796 2360 9668 3267 2167 3698 561 5859 8027 5802 2879
93 6677 7090 3425 3518 9612 7077 7397 7119 5243 6938 273 7406 8476 782 2624 9177 6224 3316 1161 1577 4555 8839 7949 8443 8056 9530 8587 5535 6128 1260 1765 2426 9652 6178 5525 2044 3569 8346 6769 7492 4517 2505 3948 5567 1233 4055 9633 3265 8104 4251 197 9500 8354 3204 3704 5449 5420 6345 4090 3322 4715 5286 8883 6589 9185 5395 5740 9402 9774 9088 4223 2515 4112 785 3185 2327 666 577 8977 2495 9641 5433 9062 1826 1075 233 1639 4707 5648 4169 6556 6273 4445
108 7619 7161 1892 4415 3537 13 4099 616 3779 5579 7122 6139 5928 3843 9417 6591 7273 3393 2091 8380 1513 9354 6828 653 6576 2662 5389 1539 4838 3367 81 362 2754 9660 3368 3439 7608 8490 808 6681 1928 6397 3892 8457 3359 2534 3575 9976 6942 1238 7417 7808 5734 7892 1212 8517 8745 6140 3400 1484 7568 2012 9385 1388 6425 4599 3160 3970 9562 4538 6442 1505 9930 9927 7730 4025 1506 1844 2294 4353 9063 4096 6824 1358 5043 655 2201 6415 573 8495 5178 1221 6921 5511 1670 4263 9470 9330 9441 3242 7040 7776 4937 7632 8450 4195 8269 8127
89 1384 7791 1863 9963 4371 8325 4132 5487 417 255 5385 4753 6640 9881 7601 6004 7868 5823 862 3913 6848 938 6125 3471 6750 8414 8330 7399 2924 8989 3829 8859 7101 6307 5325 8920 8653 3430 9773 3290 6322 5686 5055 5102 8190 6654 5495 3138 8872 8141 7809 4113 3915 833 6086 6204 3449 2043 2221 4777 2681 2735 2500 6017 1187 9509 2830 8105 1241 7941 5171 1405 8657 771 1099 7204 7532 2825 4774 3168 8048 400 4863 8465 2595 6765 7028 8913 5475
119 7137 2668 8927 9327 7422 5304 2320 3716 9335 5592 5661 7398 5035 5139 3814 8376 5067 1176 333 9915 6107 9535 2745 1633 1012 4129 1084 1856 4887 3037 4783 4665 3300 2592 5935 6927 8986 8609 182 459 5468 1191 6870 7312 3763 5245 7930 1376 1715 2375 385 257 5380 8622 3936 1724 4467 3630 5624 1764 3990 8300 4088 1047 8946 2644 9932 3626 3137 761 9226 883 9496 4794 9483 5889 8853 5613 1456 1854 817 5141 7454 9449 8525 1760 9820 2559 4052 4617 8878 2878 3614 1611 5917 680 9332 9775 9101 9160 4395 1665 6783 5932 6288 5202 5359 907 9628 7401 1015 9942 5283 7205 1987 209 6976 6199 3335
82 7264 1957 2246 4082 1285 2005 2954 3696 986 6967 2072 8608 7036 3068 4316 3761 557 6970 42 7349 6115 409 337 1491 7812 1509 5790 7044 2318 2163 1400 3513 757 1135 4718 8223 2109 2853 433 8267 9013 825 7403 9180 3293 1755 4066 9841 1596 4678 2706 7631 4333 5052 6061 4843 6964 1002 3568 9784 6989 4394 3588 5434 9282 8948 642 2105 8433 8187 5127 8167 7553 6043 8769 2720 4890 292 7906 377 4708 3403
80 7859 9851 5858 1265 9880 5954 8518 9567 4940 8865 6850 6693 2145 2946 5638 6329 602 3711 183 5760 6059 9560 450 6097 5249 9172 7990 7740 483 2017 386 7557 2126 9515 8915 1956 6636 4584 4907 1406 6874 8660 6105 5797 5179 8122 2160 9753 1985 1420 5166 2796 8677 9893 4369 1049 1149 8117 7289 150 7060 7998 4462 1558 4750 1402 1776 9190 3102 9953 7842 8866 1930 1895 6542 3206 6248 6166 5401 1453
85 5957 2210 8654 9334 1875 1409 719 8268 8540 2740 7962 564 5540 2391 7829 7504 4023 430 6943 5778 6019 1432 1588 5937 3870 2780 8063 4674 7491 1037 5110 1201 2671 8759 1551 3746 7439 8631 6658 1255 5382 4813 7927 9979 4448 7897 8428 4085 8961 115 3986 6956 163 6710 9981 6460 7302 8116 9944 46 5995 5976 9238 951 4374 6196 5775 6721 3613 6132 6052 2848 7487 6475 8548 297 8415 6223 5574 6459 6067 9894 2162 4291 9786
85 3090 4786 7578 8905 6085 6683 188 2782 8891 7810 5564 1768 5368 4806 5319 2992 1172 8600 1439 1787 3306 9627 1107 8206 8754 8813 2312 2399 9240 2701 3448 3697 6760 24 9436 9415 7571 4792 9161 3824 7621 2143 1029 208 8361 6130 7920 2020 3938 6890 2250 6737 4137 5208 9038 6568 5870 6868 9012 2913 1301 3157 5105 2558 8207 7599 159 3049 282 397 7006 3667 2977 3216 3499 8592 515 8323 9795 568 8666 1736 656 229 1225
83 692 3373 9609 4815 5063 7615 4412 4022 7551 882 3937 8045 4389 4693 4240 4377 2120 7160 6794 3349 8245 6717 8858 8628 4121 1532 6335 9229 2117 1881 5177 2397 2467 3740 4527 7767 804 4634 2136 1254 8848 9610 9891 3288 7832 5355 5909 5196 1365 3056 252 9578 2921 5229 2463 9444 4138 8296 5895 8341 5694 9456 7336 4187 3640 2283 4968 9233 202 5037 7787 4525 4131 4217 38 1860 147 5297 1293 7082 6363 2281 6756
93 2485 5996 7905 5276 6539 2009 6205 4 5228 648 3313 9920 2868 1356 8137 2799 4944 4875 2633 1814 9446 9181 5664 8764 7951 2445 7327 9722 4039 3958 2414 9272 679 9587 7050 9524 7326 8484 1797 3801 726 3078 9082 2190 2218 5622 7106 6050 2783 3036 605 7188 5040 2612 8997 9290 8641 8018 5747 5277 1272 650 3329 4984 8264 2737 7086 5251 9644 8800 2152 3772 5394 3156 4735 1893 9946 2547 8894 676 7985 1733 1645 4873 2972 5766 5770 4628 2265 6733 2672 3788 5240
105 6626 8854 2816 1443 8260 1142 6919 33 5267 7038 2226 662 9422 2573 3580 5169 1323 1984 8369 3302 7092 2988 8966 4587 4193 127 5250 9858 1779 2645 7526 9754 1742 1758 2989 3992 2181 2079 1938 391 8397 645 3978 5962 1740 4868 3586 4487 9149 6685 4119 3996 3773 5692 3922 2166 1712 4729 7097 7987 7377 9883 7838 4642 8996 9492 5423 5450 8179 6505 4659 4696 4417 1437 2928 7799 5320 75 5767 2289 5565 9331 3881 3209 5578 3008 6955 918 6502 5852 3646 1512 1525 9054 9329 6001 2540 858 6259 7755 4953 1449 683 1927 544
92 3374 4822 4827 8017 4097 9830 3376 9339 6653 5226 1359 48 3665 5780 7680 8099 6575 9781 9871 6635 8138 3732 6912 3071 8788 7848 2514 8459 1108 1328 6601 584 7414 5058 4234 4503 5478 8963 8044 3274 3633 1777 6668 6958 9262 8461 3011 8910 4952 7887 7552 1879 211 2966 728 113 7280 8194 9112 6599 3820 6512 9836 9221 1951 5777 4024 2713 5542 920 8402 5341 3600 3106 2704 9898 553 991 6302 1835 5318 9757 105 3927 4350 5735 3691 500 8990 9682 8937 9220
86 4649 6833 2802 7702 1016 4591 8519 941 1994 2465 2459 9127 7413 3205 7524 2551 6596 25 4306 2721 5791 998 621 4726 3839 8563 2674 7867 5872 4684 8707 2182 2387 7572 3431 4312 5724 296 4492 4947 7373 7521 1616 9176 9315 6832 9545 7699 4589 9353 7029 254 6289 1223 5150 4027 9284 2524 1237 3945 867 6287 8177 1190 1529 1725 8030 5805 4036 8577 2380 7189 2747 7618 1714 1969 5665 9153 1472 6611 2700 7700 1773 3755 3128 3152
96 6594 3725 3485 6155 3591 4431 510 8434 3338 7005 6271 7904 4003 3635 4866 9834 6598 995 5720 6020 3495 639 9958 9418 125 8744 9152 2894 8420 8652 7516 1057 7925 5571 1189 5867 8606 5391 6980 4006 5268 8496 3285 9579 4854 3113 8060 3029 2114 8766 7630 9042 589 2251 4156 9884 2335 305 5238 1690 4373 1391 3592 746 2424 2698 3693 7496 1382 1901 9092 1071 8371 3798 6353 5519 3438 4809 1614 8199 3260 1459 464 1200 7215 8437 6692 523 9685 7466 600 5765 7195 6708 981 8551
90 7287 6083 2438 3114 974 9100 6034 611 2378 2807 3745 8333 94 6999 315 1296 2346 4043 3324 3572 7871 9157 7831 8685 445 4542 7652 9823 8834 3825 607 6414 6222 457 3890 3136 9785 5081 5076 2765 9635 6905 9729 7958 5991 7683 1440 8623 1499 6651 5510 7192 8090 2564 7309 2746 9171 6691 8398 1748 2004 7884 1450 8074 2401 2628 8432 7575 9031 7803 8134 4878 5259 6274 8749 149 61 1914 176 759 2981 277 6657 8702 2838 408 9594 9454 3201 9770
78 4513 4609 8655 2533 7637 3048 2129 6483 68 2317 8708 1762 4558 4960 4480 8052 4598 80 9346 326 2696 6746 9574 3942 5383 6238 8156 5212 5217 6231 5482 3462 9885 480 3175 1078 763 6792 6748 947 6979 805 9020 7442 8522 9961 1353 9010 6992 7369 8076 3512 4204 5274 9151 4139 1394 8725 4147 2151 8368 7123 8825 8822 5206 7435 3390 1044 4752 1374 356 5942 6571 7840 4267 8028 9998 4237
95 2682 129 1239 1788 9937 2212 6405 7647 7565 8458 4691 8757 5002 1234 4208 1333 5372 1329 4348 1186 3811 9206 3305 4285 8816 8453 3321 5800 8763 8396 9047 3610 4685 3539 264 5074 4136 5221 7065 9294 3964 1510 4941 3558 1570 784 4728 3505 4967 1154 2351 8642 5784 5703 8352 7648 9701 9312 3092 5149 776 924 8712 5894 3994 1306 6773 5302 8189 1332 3827 9919 4751 6156 1527 9848 1643 4365 1958 7314 4955 1524 8421 4540 5431 5377 265 8289 4498 6570 7427 4768 7921 5101 1661
90 4834 7237 1173 1593 3862 701 5834 5317 1569 4939 3252 1096 2577 4965 9034 1093 6952 9791 5576 2313 8407 6553 908 6574 1397 8777 9694 4171 9683 3621 5083 4844 8890 5312 9351 3493 2619 212 850 4562 2975 845 3867 2769 1120 9990 2654 4047 9410 6508 5036 5593 2929 7693 2138 7023 425 5719 52 7071 3151 477 9862 5099 2366 7853 9613 7112 1079 5979 9207 6342 7996 4893 1224 3167 8960 3734 8475 6339 8426 5109 6988 267 6076 4268 154 9043 6610 8479
87 2622 1817 1595 1292 1804 9776 6730 8970 1805 7170 7703 6015 8468 9863 6913 3603 5027 4330 5702 2041 6871 5967 8951 5263 5214 8442 4245 6803 7272 283 3524 7473 547 2907 9551 7061 9827 1874 8303 1604 8178 9527 9255 5500 2583 3035 3606 4308 8562 606 0 4493 3387 231 5575 7226 556 554 2792 502 5485 546 6417 5517 1501 5908 8347 8594 4604 4998 3398 5477 7988 6928 5009 6876 4474 1197 4440 5174 3918 713 5163 3647 6722 4719 6880
90 8035 1979 9738 8095 4999 2493 9811 1865 5095 4549 8535 1322 5176 4252 288 9516 8436 9086 1204 6619 5381 1492 7423 9875 5642 217 8301 9762 1226 815 6170 351 3357 9916 9720 3877 3054 3803 5675 225 3799 928 7975 161 7982 5906 1671 5369 2908 5416 8585 6608 7320 4314 4064 2755 3378 3981 3233 6604 5881 7464 3125 9154 5862 1722 9310 6836 8326 2223 7864 6907 8448 7021 7834 8781 3907 64 7929 5631 4664 1790 4836 4261 2390 5990 1171 493 1603 4627
103 2582 7910 2353 3785 2846 9325 8625 1442 818 1734 2567 3608 2457 3397 71 1250 1163 7125 1263 9629 4929 8715 4727 177 3523 5146 1486 5173 4552 2455 3519 3457 4081 3762 5926 4224 6963 5923 60 153 1534 5096 5322 6764 2159 3551 984 6024 8351 4296 8165 6758 5232 9974 112 7508 8237 7348 4804 6396 8358 2156 7797 5168 4105 1771 5596 3536 2991 8618 6788 7723 1792 6309 403 3969 4344 7087 1952 1528 6910 887 8344 1316 6807 6444 5601 3541 2135 9306 6820 8969 3055 7294 8026 4802 4361 9476 7739 7560 9541 2228 3091
86 3281 8852 7891 6839 7964 3700 4214 6266 2490 3656 1184 4971 690 9340 1408 1862 1852 8539 3423 2521 9751 8290 9756 9991 9447 3433 5853 5167 3971 7729 9797 9252 8236 2726 4490 7691 8305 2804 579 4518 5460 5646 1647 1739 2605 3095 6437 8336 929 262 7242 5557 4830 4886 4739 8160 4556 1697 6680 1869 7707 9015 9150 5987 2527 9892 2268 69 6711 8762 7234 8903 9642 7633 4983 2342 6482 222 4908 2694 931 2033 3525 6793 8024 6065
94 4695 8881 7858 6676 8485 5764 1763 799 448 5170 4331 8547 2723 9129 2786 8173 9219 8034 4779 3419 323 4166 8492 614 9093 4021 8157 1378 7229 428 3263 5653 4762 2539 5907 1024 7567 837 1514 3416 9966 6531 460 7820 2144 5752 3995 8543 1060 4717 8826 9952 3876 4874 5446 1550 1737 4283 8111 8241 6741 5209 1220 641 3584 5910 3280 5727 1011 5396 6221 3508 8322 634 582 3022 6823 7153 7629 1565 5782 9849 7091 11 5959 1945 1065 2621 6213 5753 4335 976 4771 9837
88 6791 9003 8722 3465 3126 205 622 6672 2808 3950 7663 4946 5291 9126 5039 5641 373 3304 7666 5116 4962 5415 1155 5054 2278 6171 8153 8070 8662 1340 9212 4384 8279 8950 3380 4349 2812 2852 8576 520 8786 1243 6 446 3826 846 5299 1085 7932 9477 3501 6054 7588 8629 5555 4699 5019 8638 4313 4221 512 2365 9487 7589 773 8980 9859 6859 7284 684 415 1841 8284 4101 4149 6736 2204 4501 9995 6169 7915 8202 9626 7356 8405 8280 3213 9973
94 7644 4706 2472 6712 3713 5188 9956 6665 5697 3369 8849 9110 7380 6404 685 2965 2818 7480 7559 6247 3381 5397 3623 1638 7814 389 6816 7851 803 3191 1053 1217 86 8698 830 6216 2520 3685 8923 7450 344 1627 3953 9778 8714 8843 6002 7276 2341 7315 3554 2968 2734 241 3414 3966 2589 7042 1935 5890 3372 1266 7768 9824 8679 6705 739 2238 1415 8508 7711 5159 8656 7704 5484 2208 9089 9661 2261 8023 697 7609 7856 6400 2942 9214 307 7391 4891 869 1877 8339 5106 9526
91 6236 4188 236 2427 4846 402 2460 3392 8416 2110 4338 8555 9714 414 5119 2032 2910 8292 1321 3802 6499 9270 7433 742 7822 5848 3043 355 8678 3097 9676 2423 6443 8091 673 3625 6203 4583 6232 3905 9909 615 7489 8252 987 9565 8281 954 119 7151 4072 5218 969 5492 4942 9533 8155 870 6917 7353 6853 8474 2703 1275 6249 5677 4434 3059 5884 1735 9572 8140 948 1387 7883 2184 4747 3543 7657 1152 9794 3421 9109 6349 7109 5793 6726 6354 8688 1040 6723
104 5024 8482 752 7789 8181 4917 4810 1706 9623 1121 8182 263 8932 3294 4923 3577 5943 3979 5687 1766 5710 7594 5147 3236 9037 3709 2279 3046 1872 2655 5566 7152 9591 3481 1346 8148 3782 9536 3020 695 8506 4336 9234 2389 2937 3939 453 7328 540 5875 352 5586 90 6688 9598 9906 1390 5544 8795 2997 1717 3009 5366 8472 8974 3967 2357 3549 2334 2660 1181 6160 9985 7436 6452 6815 2147 2938 5501 1469 5857 6361 4295 2960 4697 3352 3816 8527 6104 9980 9763 3514 3527 4289 2884 9490 6031 5493 8811 8847 1166 4347 7724 6055
95 7080 7860 7443 5424 5441 1324 9383 6069 665 5309 2450 3245 689 28 2103 6532 181 9838 7659 6951 3340 5020 1362 4355 8761 4653 4885 1847 2010 7719 3283 5660 3831 5758 963 9564 3492 9398 2393 5652 5787 456 7402 7773 1462 5969 3192 3707 3570 306 7955 6966 7174 1646 6642 4954 7293 5604 9850 8921 531 8765 1138 876 1613 8093 9384 2994 507 8005 5554 8391 1481 1566 9426 6740 7863 7598 5266 7118 6554 7198 5234 6227 2075 5581 8462 5479 5914 4031 1839 2656 3227 6429 2254
82 3110 8373 9316 5045 9308 2235 9561 5113 8636 6174 1416 5201 6198 8734 8808 7494 6987 1561 733 7734 9868 5351 3412 444 1032 4499 8711 2781 9368 140 3676 4765 3428 6101 7917 2211 126 4546 6634 5815 3399 4436 6578 6448 8119 7268 5929 762 6424 9442 9103 8659 9114 7674 2395 3014 4125 5896 2496 2442 3544 5340 3413 9378 1708 2420 860 4550 6624 9030 2658 1098 559 1689 5097 4945 266 313 5205 1153 4902 256
108 3925 4451 4803 7882 2027 8227 1946 9907 1348 3463 5015 334 5133 5927 1710 8809 4477 7285 7064 5938 5587 1803 3135 8593 2209 5452 4379 4848 5042 2874 7562 2321 9333 1009 2538 5489 5882 7865 1675 9179 9028 151 9949 4317 3609 4798 3954 7686 27 4757 4264 8275 1931 7169 2574 2364 5124 9313 1517 9271 7984 3363 6358 7825 3853 7115 8682 9746 5672 3767 5007 3229 8504 9356 6523 3858 2614 3810 168 668 7117 5952 7428 7945 7488 6911 2523 7495 4989 5924 2545 9938 1352 5363 617 514 488 2121 7324 5588 8954 542 7139 7102 9557 9467 2877 6346
98 9264 9458 1069 7880 5751 9113 8149 2918 8695 7654 8879 3496 3470 8365 8699 4238 6613 5796 506 6367 9228 4632 2063 6211 2663 8219 1097 2473 5619 7777 5354 2819 509 9377 5892 2724 3988 6763 1619 7587 7147 1976 9191 2134 657 5717 3921 3104 2744 8210 1655 6881 8603 6318 6580 4950 5831 6026 5018 7807 4199 9049 6709 372 6829 1904 7111 6529 5769 8758 9608 1842 6948 5029 1746 364 5270 162 5004 5584 4038 8836 4600 7790 3878 7162 9878 7786 5637 4286 4269 7836 213 3052 7542 1326 8863 132
80 2922 5873 536 3982 5602 5070 2154 6754 8775 4991 5985 7519 9846 968 1850 2311 7057 9124 8591 9235 2444 7245 4446 7800 1942 4982 5931 7722 1607 4507 3268 6150 9653 9137 396 1240 7207 6602 5725 5971 8748 8987 5458 1922 2055 4732 1560 5001 2791 7076 1132 9982 187 9810 62 2497 6734 2900 4624 5412 7467 1531 8868 3406 2666 6714 8815 6028 4197 1106 73 6235 4428 7922 7096 2392 8753 791 4861 481
79 8069 8389 8285 6127 1807 6487 8334 6435 9007 7643 2635 5031 6990 9529 6593 4686 917 3847 6477 5115 7173 9314 8953 6481 6718 2641 8838 4615 3383 6781 1890 1880 8842 8981 1936 7184 6851 1380 4680 5466 4702 1562 4409 1395 6762 5813 8738 9945 1698 3590 8755 4712 3627 7889 4614 5930 2837 8924 8743 432 9432 2536 4315 4086 3080 8092 5038 6126 4553 2789 3552 698 260 6674 7646 4520 9258 6536 9586
108 3061 3805 5120 5313 3148 9158 3682 8203 9247 7281 5503 2570 7682 2422 6312 8640 6148 560 5131 4241 3786 3174 318 598 2920 1720 6122 9416 4789 5865 7714 9687 173 325 6413 7616 7728 6954 652 4284 7461 3753 7748 1430 6517 29 865 2876 8933 2287 4191 7792 1168 3033 6089 5792 4973 8464 9283 7493 7256 4595 8332 8538 2565 2370 3619 4071 4302 9197 7103 649 9840 2603 3670 943 7485 9045 6011 7914 7311 7923 495 3868 3133 1185 9057 3901 3817 7208 8316 6837 3207 5356 1920 1912 3930 2779 6559 1549 1256 686 3548 2367 3993 6134 5092 1993
92 3118 9405 8486 4163 8356 6146 9975 2398 8471 2815 3005 8345 6552 4606 294 4120 5657 160 922 6949 9989 9305 5750 4153 2898 730 1837 6275 8982 2692 8118 5730 9648 2630 3708 3854 8166 6873 9144 5292 7260 5742 4979 8278 461 2139 7541 7837 5700 1791 8454 4703 2537 6493 9832 1257 4109 482 7350 9539 1602 5436 3819 8411 8634 5290 6382 9744 5825 1923 6376 4028 2122 7472 7570 2031 7890 1050 9992 4576 7321 6510 253 1538 3298 3246 7465 7039 8882 3334 7793 4327
82 9431 7259 9657 5545 1921 3468 9796 4478 7166 7313 7048 9080 3933 5260 7997 9244 8501 6468 5723 3642 475 9510 834 7718 3116 8399 3750 1454 4091 440 8619 3531 7620 4124 4554 5958 6526 7673 750 7271 1838 4997 5117 562 8073 7400 688 2482 7761 8114 1756 6885 9016 6555 7316 5804 2856 7612 5939 2971 3516 3769 5098 4767 772 2349 6888 511 7228 5605 4597 3417 8078 9379 4058 5874 6218 5465 3777 6528 9058 3447
83 3910 9060 8885 6687 4759 7416 2548 8357 6215 2669 365 7089 7230 7774 9632 687 3510 7376 2469 1832 7407 3444 6660 6838 8703 3247 3040 7520 3427 3473 1599 3038 494 7004 5559 4725 9304 6822 7736 5900 3120 4961 8020 1202 3200 1554 1041 1674 2227 8067 2095 2736 1548 1160 5130 8768 3241 2651 3345 7445 9934 7098 8410 8851 7074 855 438 2137 6757 6265 5279 9260 3199 2203 2875 2552 4654 9425 2758 1846 6650 8263 5422
92 2232 2115 6284 4990 2432 7535 5348 8613 7290 7330 8554 3731 1144 4018 3636 2146 3483 6182 1253 9210 9782 1367 6176 7662 4901 1150 3143 9406 875 1261 123 8510 7476 4663 9549 9169 7016 6632 5663 5779 7650 5981 9972 9230 1457 2361 2403 6372 4636 2522 4494 3804 2093 6258 8797 3422 2729 1679 9904 543 3222 6690 6768 5165 9267 5413 5461 7193 3943 4293 411 2243 5974 6145 1258 4711 7041 9358 3980 4159 3672 6557 9429 1216 7142 2752 1948 3124 4103 1692 2934 5992
87 6971 7124 1594 463 5842 866 4651 1581 4122 801 1489 7658 4688 7202 8860 3477 786 3319 7839 103 7440 1821 5639 1283 6250 9931 8025 6543 2481 2430 4418 2415 1110 4760 4824 1502 6932 700 2889 8113 3837 7689 2618 2475 8889 8912 8318 3668 7555 3644 5013 9602 3679 674 19 664 6314 9700 5972 8350 8935 8756 380 7019 8393 1131 8385 9352 841 5532 1045 5627 9815 934 3566 2326 4250 3860 849 9488 6808 9581 3582 1123 3900 7697 7340
98 7351 2689 3312 3456 5514 3255 3916 56 3790 2834 708 8835 7794 705 8553 3620 5963 5191 1143 1361 7325 3717 487 7591 8172 3823 6694 529 2045 4074 7636 7758 8000 4401 5012 2593 9971 8635 223 9168 9156 6534 6360 890 6301 4040 8299 5610 3165 9364 7474 8824 9895 6418 1628 3169 3460 6565 2376 6935 8151 5448 3680 1857 7701 4432 7253 1446 106 734 1179 2591 9959 2330 4464 4092 1294 9024 5949 7735 455 7128 9428 7821 1867 8774 8690 1477 2529 7375 2291 7733 1784 6281 3715 5534 5506 821
109 8740 704 6330 4675 7681 7948 2437 9296 3515 8586 3356 9844 5676 5361 9826 9455 3358 1584 40 491 9951 9658 7550 3150 3341 5224 2034 8598 4468 9215 3832 1398 4145 952 7392 9866 4439 2584 5008 8931 1419 7145 8533 6280 329 317 5490 6239 5618 6165 3109 1997 8580 3240 9133 4496 1151 5254 7877 7824 6479 442 1663 3315 586 2368 3498 8964 9806 6209 2050 3553 5611 1268 9913 1062 1414 286 7518 1251 3402 4304 111 1843 1579 2835 1385 4894 2866 102 7191 5904 1785 5558 7420 6175 4892 8528 800 8008 1500 8545 7960 6615 2829 2441 8159 7070 3618
86 6082 6520 4077 1207 2914 6111 5656 1592 186 893 7120 7517 6732 8820 9081 2753 4586 5471 3351 9087 5666 3299 1782 8877 8242 5400 2471 7361 7386 7811 4497 823 9571 707 9130 2653 14 2821 1001 4618 4142 3808 6729 8680 7017 820 566 5481 6770 1917 2711 8238 3806 4416 8902 4231 8129 3484 6180 7720 4897 7946 5763 9256 4319 3934 5512 6193 1118 137 2051 7015 1194 4722 2369 3567 6386 7382 4832 1909 5275 2739 6895 4847 9468 7500