13 8727 5606 7468 5806 5140 4089 3733 4073 5464 5086 853 9369 596
9 9697 5204 5705 1884 8355 6605 4359 7888 8444
15 644 6106 8239 57 72 7540 6564 5845 8110 1092 97 9950 1308 965 7664
18 8916 9765 7678 9401 9348 7999 8441 2248 6255 8887 454 8691 6091 7132 578 7628 2795 7760
13 2563 3555 6809 1423 1025 5273 121 3690 4737 4029 6137 1573 1205
15 3081 591 1218 8198 4228 2382 2665 9249 5454 6627 1859 9164 1752 2631 5966
15 7533 7045 2677 4354 9801 2566 4607 184 100 8449 3517 7819 9929 4819 4243
10 1448 4772 8195 1320 4427 1349 8546 6440 8188 5014
14 7503 4341 1795 9343 4001 4438 3177 2932 4343 2883 5350 1417 1827 6018
11 8888 7903 26 4764 8291 8208 43 4429 6843 6500 9459
17 4560 4128 6047 9382 7231 8821 675 3689 9236 7661 4743 1822 3795 3529 2800 3013 8377
21 3728 3420 9287 7073 6207 735 9501 8514 5285 7805 7232 492 599 8392 2810 4161 4134 519 7459 3902 2350
12 7034 2396 4957 3244 3461 3663 7950 4300 8072 5122 3705 219
17 2193 4840 4046 5744 3272 8595 1004 8827 5508 2169 1314 1657 3286 2304 8337 5877 5121
12 3271 1169 6377 7318 5456 7511 4399 9350 6267 7295 7866 2358
12 1083 4002 5367 451 8928 4133 5386 3208 7334 7257 1067 9242
11 5199 8582 5033 8908 369 3147 4884 7642 9116 6533 6894
10 5164 9413 3348 1039 310 944 4065 9412 7545 279
10 320 2801 8087 1490 5282 5138 6513 5785 1950 5812
10 5649 5220 5088 230 4012 9198 2935 2480 8364 9376
14 3323 8406 1925 499 6501 7705 9503 3072 2831 1119 3999 4730 8031 2772
10 9421 6795 7635 7337 174 2440 124 1433 3662 39
17 6612 501 7385 6149 8778 3212 2775 1055 1598 9568 1995 5577 1213 8782 3198 45 2993
14 7698 2648 3706 6584 4535 3142 7424 7510 4363 8147 3181 4290 4030 1947
15 4673 8661 4579 2859 571 2543 8789 6315 7750 4922 274 327 4008 164 332
13 2097 9853 4230 4141 9555 4481 6388 341 6503 2015 2602 7179 2617
16 5187 6684 6420 7296 872 3140 8571 594 3615 5459 8700 407 8164 6476 7690 4054
11 3739 1780 1649 3292 1891 4569 3446 1507 3955 6550 1252
15 4093 5885 6103 2952 9469 216 6131 8998 7432 9737 5982 551 7843 4449 5278
13 3115 8139 9512 3747 3158 9588 1351 4472 490 629 4936 1559 4325
13 7393 7114 2743 5560 4682 3678 8751 3184 3350 7969 3598 1750 9677
10 2036 2501 8150 6323 7895 1582 1116 9666 7136 7502
12 474 1864 278 8658 5795 1575 7209 1424 7310 3874 7140 6446
23 3526 7959 4471 7852 195 5090 5411 224 7058 9320 9977 2149 5129 4249 9553 9075 1242 6537 2999 9026 7577 603 6007
9 22 9309 9505 1973 5891 558 6191 4683 6544
11 1082 6872 6541 2871 5347 9634 8209 6840 1330 2216 285
12 2797 5197 7558 6649 8304 2462 2939 8561 7995 4272 1937 3563
9 7035 2763 7641 8574 1688 9259 9360 3144 3931
12 1840 9319 5794 8175 1167 9225 5771 7671 2205 245 2239 4037
14 6677 7090 3425 3518 9612 7077 7397 7119 5243 6938 273 7406 8476 782
24 7619 7161 1892 4415 3537 13 4099 616 3779 5579 7122 6139 5928 3843 9417 6591 7273 3393 2091 8380 1513 9354 6828 653
10 1384 7791 1863 9963 4371 8325 4132 5487 417 255
27 7137 2668 8927 9327 7422 5304 2320 3716 9335 5592 5661 7398 5035 5139 3814 8376 5067 1176 333 9915 6107 9535 2745 1633 1012 4129 1084
11 7264 1957 2246 4082 1285 2005 2954 3696 986 6967 2072
8 7859 9851 5858 1265 9880 5954 8518 9567
12 5957 2210 8654 9334 1875 1409 719 8268 8540 2740 7962 564
13 3090 4786 7578 8905 6085 6683 188 2782 8891 7810 5564 1768 5368
8 692 3373 9609 4815 5063 7615 4412 4022
15 2485 5996 7905 5276 6539 2009 6205 4 5228 648 3313 9920 2868 1356 8137
24 6626 8854 2816 1443 8260 1142 6919 33 5267 7038 2226 662 9422 2573 3580 5169 1323 1984 8369 3302 7092 2988 8966 4587
19 3374 4822 4827 8017 4097 9830 3376 9339 6653 5226 1359 48 3665 5780 7680 8099 6575 9781 9871
12 4649 6833 2802 7702 1016 4591 8519 941 1994 2465 2459 9127
16 6594 3725 3485 6155 3591 4431 510 8434 3338 7005 6271 7904 4003 3635 4866 9834
11 7287 6083 2438 3114 974 9100 6034 611 2378 2807 3745
8 4513 4609 8655 2533 7637 3048 2129 6483
17 2682 129 1239 1788 9937 2212 6405 7647 7565 8458 4691 8757 5002 1234 4208 1333 5372
17 4834 7237 1173 1593 3862 701 5834 5317 1569 4939 3252 1096 2577 4965 9034 1093 6952
12 2622 1817 1595 1292 1804 9776 6730 8970 1805 7170 7703 6015
13 8035 1979 9738 8095 4999 2493 9811 1865 5095 4549 8535 1322 5176
19 2582 7910 2353 3785 2846 9325 8625 1442 818 1734 2567 3608 2457 3397 71 1250 1163 7125 1263
11 3281 8852 7891 6839 7964 3700 4214 6266 2490 3656 1184
12 4695 8881 7858 6676 8485 5764 1763 799 448 5170 4331 8547
12 6791 9003 8722 3465 3126 205 622 6672 2808 3950 7663 4946
15 7644 4706 2472 6712 3713 5188 9956 6665 5697 3369 8849 9110 7380 6404 685
16 6236 4188 236 2427 4846 402 2460 3392 8416 2110 4338 8555 9714 414 5119 2032
19 5024 8482 752 7789 8181 4917 4810 1706 9623 1121 8182 263 8932 3294 4923 3577 5943 3979 5687
14 7080 7860 7443 5424 5441 1324 9383 6069 665 5309 2450 3245 689 28
13 3110 8373 9316 5045 9308 2235 9561 5113 8636 6174 1416 5201 6198
22 3925 4451 4803 7882 2027 8227 1946 9907 1348 3463 5015 334 5133 5927 1710 8809 4477 7285 7064 5938 5587 1803
19 9264 9458 1069 7880 5751 9113 8149 2918 8695 7654 8879 3496 3470 8365 8699 4238 6613 5796 506
10 2922 5873 536 3982 5602 5070 2154 6754 8775 4991
9 8069 8389 8285 6127 1807 6487 8334 6435 9007
20 3061 3805 5120 5313 3148 9158 3682 8203 9247 7281 5503 2570 7682 2422 6312 8640 6148 560 5131 4241
16 3118 9405 8486 4163 8356 6146 9975 2398 8471 2815 3005 8345 6552 4606 294 4120
11 9431 7259 9657 5545 1921 3468 9796 4478 7166 7313 7048
10 3910 9060 8885 6687 4759 7416 2548 8357 6215 2669
15 2232 2115 6284 4990 2432 7535 5348 8613 7290 7330 8554 3731 1144 4018 3636
17 6971 7124 1594 463 5842 866 4651 1581 4122 801 1489 7658 4688 7202 8860 3477 786
16 7351 2689 3312 3456 5514 3255 3916 56 3790 2834 708 8835 7794 705 8553 3620
24 8740 704 6330 4675 7681 7948 2437 9296 3515 8586 3356 9844 5676 5361 9826 9455 3358 1584 40 491 9951 9658 7550 3150
15 6082 6520 4077 1207 2914 6111 5656 1592 186 893 7120 7517 6732 8820 9081