4 6689 7088 5205 4733
4 519 7687 5554 1386
4 1066 3276 6756 7557
4 88 3918 4665 9353
4 7499 1784 4867 5240
4 606 6662 2455 5477
4 3817 8489 9965 6856
4 4525 2738 3773 57
4 5335 567 5214 782
4 677 8189 7638 4376
4 4742 696 5535 3885
4 423 7864 7768 4404
4 6466 3294 3129 6818
4 2920 7612 8892 2934
4 8175 1605 9267 5816
4 2519 4475 3317 3842
4 7475 6913 3910 6220
4 4094 7287 9805 4250
4 6002 6404 128 9795
4 4839 739 2118 290
4 2735 3236 2401 3199
4 7965 190 6450 596
4 5497 477 5636 8093
4 2432 1438 9255 6475
4 2465 3527 4084 172
4 5018 9406 8573 98
4 5860 6794 9503 9654
4 672 2233 2657 9634
4 4601 7711 9944 8464
4 9888 5213 9806 6764
4 4008 4877 8792 933
4 3090 3197 9078 2216
4 6916 3005 3430 2235
4 5324 1384 1869 2635
4 5970 7156 6951 950
4 8310 3579 9559 9871
4 4618 5808 3541 4202
4 9409 1609 7372 1491
4 6663 6329 4630 8856
4 2720 8425 7648 5719
4 6277 8736 3068 4482
4 4855 1372 3403 3666
4 769 2589 1527 4228
4 4309 8262 3821 483
4 5235 8029 5025 8991
4 2571 5387 8786 5626
4 1305 3655 720 3915
4 8708 4583 248 4782
4 1209 8557 8198 5602
4 7463 6123 1054 7226
4 9514 109 5771 830
4 187 817 5721 1723
4 4377 4984 3947 2036
4 1097 7028 9543 1201
4 273 3596 3866 1628
4 9679 1228 41 1792
4 6783 7114 1955 8868
4 5440 1630 8346 4613
4 9003 5615 481 5511
4 3444 2944 1010 6000
4 4059 7398 8309 3616
4 6815 9935 3092 1326
4 9752 4781 5748 4107
4 7861 5948 7631 640
4 5769 3409 8338 7442
4 8477 7889 8382 6474
4 5086 3148 1142 1963
4 8518 1492 6410 2967
4 5445 3575 4421 6392
4 7070 2641 6836 1873
4 6263 7993 8351 3191
4 5934 6135 4848 2261
4 9305 9347 2566 5668
4 9707 3540 7637 3966
4 5299 2942 6669 9164
4 3607 1406 3462 4705
4 9313 3826 5757 5347
4 9976 7180 7546 9625
4 3549 9449 1995 1272
4 6695 2536 3188 6771
4 9393 9473 442 9511
4 4758 1323 9144 7698
4 1335 4546 7465 7690
4 1867 4428 4624 3840
4 6822 4387 7249 4003
4 7429 8302 9045 4869
4 3156 5113 2539 6634
4 3629 7471 2904 1601
4 5300 9402 9628 6550
4 1273 4260 2642 5351
4 2316 7129 8835 9557
4 2883 9090 3368 9450
4 4307 6493 1363 1508
4 9799 1512 3779 2570
4 3307 3651 2780 846
4 7040 6457 4502 2167
4 1757 6199 730 3783
4 6670 1984 3354 8772
4 2949 8458 6338 1729
4 1315 4414 8157 2639
4 1543 8024 5507 4020
4 8703 9649 4980 8791
4 5192 4706 1276 6984
4 9847 7116 3510 935
4 7401 3640 2198 6739
4 2135 6658 1524 6567
4 5424 8209 1804 3114
4 6115 4959 409 4666
4 2917 7862 1564 3270
4 3869 4208 3991 266
4 117 4885 8784 2056
4 222 4693 3396 9743
4 7928 7704 150 9657
4 4071 2079 1223 511
4 8292 5358 1218 5732
4 6807 1773 1200 5303
4 7957 3196 419 3445
4 8731 2357 6202 7787
4 9619 1593 8224 8614
4 3855 7320 209 8079
4 1138 699 975 1777
4 303 842 6711 6903
4 9325 2166 482 4602
4 2559 5743 3263 3026
4 713 6110 8040 1252
4 4894 3208 7602 2352
4 372 1013 135 3420
4 700 5818 9696 3319
4 6831 7198 6255 210
4 3167 5875 7236 8085
4 961 3951 493 4115
4 2061 5491 8440 4297
4 7657 9128 3830 4973
4 6706 6849 9874 8989
4 6381 9052 6003 8681
4 84 8020 5425 1460
4 3055 9852 8434 6498
4 1560 9137 8902 7883
4 8640 2838 9631 318
4 24 8158 457 3972
4 920 1113 2399 6454
4 4143 6747 8521 2382
4 3555 3257 2973 6703
4 541 7020 7314 4396
4 2356 627 5285 4657
4 6901 7230 502 2031
4 1515 9685 1994 4137
4 4078 2538 168 497
4 9675 5990 7248 9524
4 3442 8055 3875 8796
4 55 2714 5541 1684
4 3253 6558 7580 7685
4 2576 5237 3490 2132
4 8329 8376 7574 5779
4 6412 9974 6265 3047
4 4346 8435 6765 2250
4 3580 3990 9926 381
4 2247 5112 5540 2338
4 549 1860 3105 7382
4 4090 2791 9633 2041
4 6198 9452 4920 1863
4 5885 3311 7572 267
4 9523 2748 1221 5627
4 3988 789 6360 6446
4 9140 7451 3426 9345
4 4637 4437 4246 6645
4 1005 7104 4299 8059
4 375 2899 4225 656
4 157 7512 4255 5756
4 2869 945 3073 506
4 7956 5744 4064 8653
4 5716 5060 7243 6503
4 3103 166 6718 3542
4 8962 2006 7666 4028
4 3371 3160 3411 6438
4 7929 6924 7430 8682
4 1992 5393 9830 35
4 9283 4223 1421 977
4 1776 6150 4815 8747
4 3149 2106 1267 8575
4 4058 1635 5282 9492
4 1664 3459 4673 8128
4 29 2784 3083 5711
4 2020 4537 9030 2600
4 5868 5510 655 4806
4 6961 7553 9890 9620
4 1833 7329 6029 2442
4 9563 2788 9286 2916
4 1888 5858 8207 6563
4 1353 3170 1640 4291
4 4150 1024 326 5012
4 7399 8586 7086 2077
4 4842 8459 956 9002
4 2912 2123 2690 5234
4 5693 2963 3603 6430
4 8406 726 9869 32
4 5341 8699 2495 9190
4 7141 5034 2425 7434
4 474 5359 5954 7337
4 2695 7357 2782 9018
4 1528 9996 2605 4101
4 9084 9768 1313 9512
4 9216 7210 2147 1465
4 4379 8629 615 3906
4 2986 8021 565 8034
4 585 2512 4153 152
4 6228 9544 9297 8042
4 5406 9246 4875 1175
4 583 1651 9845 8530
4 8559 1194 825 4938
4 4435 8713 4703 856
4 5717 8290 4761 4587
4 3281 5746 5777 3615
4 7952 902 4154 3022
4 4494 328 428 5783
4 5304 1489 1177 7277
4 297 5487 8915 4957
4 741 8449 5699 1222
4 7640 9595 5120 7190
4 5598 9463 9011 5054
4 445 9087 3602 4141
4 3564 6752 1970 9314
4 6952 7082 2074 5621
4 9207 8979 8588 6356
4 568 3329 7255 3680
4 3025 2520 3017 3594
4 734 1090 4285 7668
4 8395 8848 4349 2787
4 4495 2436 9640 7884
4 1040 3067 6200 2333
3 622 1530 3334
3 7561 1734 69
3 3471 9401 4080
3 2008 5856 3200
3 2941 6877 439
3 957 3384 3816
3 3239 6884 7876
3 3743 8739 5090
3 9979 4170 802
3 5381 7846 5566
3 4882 5572 9382
3 8675 8323 718
3 7877 9851 8146
3 1735 9691 8285
3 61 3758 119
3 8840 7891 5212
3 8950 892 3108
3 6649 4511 9947
3 6541 2928 6125
3 3457 7117 1997
3 1978 1852 8637
3 8420 3424 95
3 6724 6068 8823
3 9581 2143 5516
3 8728 9306 5017
3 9411 8104 9487
3 4214 3029 4507
3 9020 1100 1233
3 5902 2711 5887
3 7119 6159 1904
3 2429 4200 4050
3 6456 3138 9769
3 489 6851 3717
3 268 9191 1959
3 9626 5654 1830
3 8342 6786 332
3 2278 2426 3795
3 580 271 3544
3 610 6740 7870
3 8179 2293 7446
3 1993 3024 4686
3 3692 315 7874
3 7799 4648 9104
3 6361 2026 6942
3 5161 3572 9385
3 4687 1674 839
3 219 7792 199
3 3030 3891 1908
3 9187 7428 1518
3 9291 4233 5829
3 2313 2422 8816
3 554 9920 435
3 4788 1689 6420
3 3693 400 7567
3 8204 9274 4720
3 6424 661 8410
3 4098 5466 9485
3 9698 8566 2537
3 4066 3976 6128
3 1866 5698 9815
3 1815 8277 7554
3 6780 7677 9254
3 6900 4455 989
3 6160 5710 1655
3 7318 3461 6012
3 7911 9320 2783
3 9901 9412 3066
3 8698 864 2305
3 4056 4575 3585
3 5881 2975 2440
3 8520 8715 6536
3 5027 1251 1986
3 2327 1030 47
3 8102 6168 1240
3 7229 9666 9105
3 113 5500 8448
3 9670 4833 284
3 3667 2915 3512
3 6767 4935 498
3 3410 2335 8536
3 2531 6455 2518
3 6633 1625 5182
3 394 5189 9705
3 7188 8426 212
3 8271 2626 6473
3 768 6735 8254
3 5402 6741 4207
3 2774 3849 5295
3 1724 8774 6327
3 8213 3601 4558
3 7849 5996 7312
3 4586 245 5955
3 6418 9985 3632
3 6843 9602 4807
3 3168 6304 5957
3 2507 2681 1843
3 8509 3176 1260
3 2828 5089 533
3 8587 8548 5663
3 9733 4910 4826
3 1332 8203 6922
3 6965 530 2497
3 1227 2511 4863
3 6044 2230 9680
3 6694 7406 3050
3 6656 5006 7323
3 3697 7585 3605
3 19 4194 6069
3 8564 513 8133
3 5222 8574 2856
3 1794 7319 3475
3 7293 6804 5920
3 8630 9316 8554
3 6269 5369 7867
3 2603 2742 6186
3 8787 2957 780
3 7140 3865 7102
3 1883 8447 9951
3 4536 8462 6749
3 7709 206 4016
3 7064 1121 6316
3 1879 5890 8766
3 8783 4794 417
3 1447 6296 6842
3 6189 697 2992
3 4873 4112 6710
3 3546 4109 665
3 2424 6164 5888
3 9820 6206 3938
3 3008 6307 7737
3 5227 608 7085
3 9166 9813 3554
3 2296 3104 3921
3 7455 200 1550
3 3049 4164 6409
3 7810 6875 8803
3 5971 6155 6425
3 6139 1588 3375
3 8878 4661 9562
3 7186 7224 1503
3 6502 5517 2881
3 7435 5049 448
3 6485 8370 5712
3 3333 6004 6021
3 8086 3989 5686
3 8149 8328 8219
3 9913 277 5892
3 5343 4635 9757
3 1407 4184 6413
3 8932 9556 7172
3 8758 2523 4410
3 6607 1697 9586
3 2324 965 1580
3 8484 9469 9549
3 1269 8073 5620
3 1838 6239 6742
3 5245 6192 601
3 9405 874 8419
3 6529 9012 3058
3 5727 4196 6245
3 6654 9282 6058
3 1414 9495 7000
3 658 7975 3565
3 9046 3786 4088
3 4948 6053 9575
3 1637 8274 2245
3 5218 9627 7683
3 3249 8978 1500
3 1170 8832 951
3 3245 7927 6352