4 6689 2233 2399 3701
4 519 6139 1054 9743
4 1066 5387 7243 9710
4 88 1609 7580 7211
3 7499 4706 5620
4 3817 9046 8198 5602
4 606 4781 7567 6584
3 4618 5060 4376
4 5424 6159 2198 8868
4 677 8271 135 1260
4 4742 3918 8370 8236
4 5335 5113 6155 6446
4 4525 5222 3462 9353
4 2920 2774 9469 98
4 423 4428 5507 3112
4 4094 190 9556 8796
4 7475 5218 8774 1792
4 8175 3208 5771 4101
4 6002 6493 4635 6771
4 6466 1384 3105 8955
4 5860 4788 2123 3554
5 6916 7119 2928 7430 6305
4 5497 6044 6836 2036
4 2519 5112 1995 7034
4 7965 8209 2742 4613
4 9888 1978 8574 2077
5 2432 1407 3865 8207 2916
5 4839 4214 1860 6003 2181
3 4855 4546 6842
3 4601 3148 7323
5 9799 9347 3068 2783 5601
4 2465 7229 6450 8791
4 672 8520 8459 1580
5 4008 4494 8323 7876 8118
4 9679 6924 7086 3114
4 5018 7687 2118 3542
4 6695 6135 965 1729
4 2316 4387 9965 6413
4 2735 5393 4673 9657
5 8310 5717 1651 9487 5069
5 769 568 5572 2642 601
4 273 7180 4502 671
4 6663 3005 655 1106
3 5086 166 8093
4 9409 7398 3602 6893
4 7463 1794 3849 381
4 4377 3236 3317 4782
4 4307 627 5285 4020
4 2720 3951 7554 2817
4 6277 9473 3585 9738
4 5324 7129 8447 1684
4 5970 8262 119 3993
4 1305 1866 6304 1201
4 2571 7156 4703 5656
5 3444 3294 4648 1830 5678
4 5235 3596 513 7883
4 8708 4435 206 780
3 9514 9137 2992
3 2576 4170 3938
4 3090 3030 200 3666
4 222 8979 5541 529
3 4309 1593 2856
4 2559 699 5517 4869
4 3555 2714 2539 4404
3 6783 4885 2635
4 1097 2324 277 4826
4 187 5990 4299 1355
4 5716 892 6410 9190
4 5769 7561 6192 950
4 4059 696 3403 8856
4 7401 5744 9631 9620
4 5440 817 9947 102
4 9003 6658 9254 6216
3 7861 7704 6316
4 6815 3459 7666 4957
4 1209 2963 3200 3190
4 4894 4437 481 3632
4 8518 7471 2973 5012
4 9752 3575 9926 2409
4 117 2791 3108 4938
4 7040 7114 8157 3783
5 9305 8204 7198 7574 1628
4 8477 1489 1564 640
4 372 1013 95 4555
3 9707 9401 1503
4 5445 2536 1010 4137
5 6115 8950 5654 3396 8682
4 6263 2942 9297 9345
3 961 7792 782
4 9393 477 7249 6984
5 5299 4586 2166 7319 6058
3 4143 5746 3616
3 9976 3160 9871
3 7070 6110 3565
3 3607 2838 1386
3 3549 2357 6425
3 1335 6747 2245
3 3855 2899 2235
4 3156 2784 69 2997
4 7429 4260 2401 5712
4 4346 1492 6029 8854
4 5934 6662 1869 3840
4 585 8029 3083 5050
4 5300 5510 439 6356
3 9207 3461 5888
4 1867 1406 3411 2140
5 6822 5615 3758 4815 832
4 4758 7451 1233 4666
4 3307 7104 9267 9492
4 9313 945 6239 6000
4 2949 8557 615 7492
5 2883 3826 7224 4761 9182
3 3103 9052 6749
4 920 5743 3991 506
4 3988 8055 8823 5054
4 3629 8086 9543 9557
4 1543 5875 9104 3615
3 2020 9274 6710
4 8703 2106 4153 2952
3 1315 5358 8766
4 1353 4537 6265 1886
3 1273 8376 7312
4 741 8189 5212 4035
4 2135 9128 9874 100
4 1757 7993 2780 266
4 9675 5343 9078 8034
4 5192 9935 8146 646
4 24 9852 3830 292
5 6670 3693 1121 1267 896
5 9626 8458 8573 8536 2180
3 8559 8462 1963
4 157 5487 326 5539
5 3869 1879 1689 3773 7000
3 1528 8021 6352
4 7141 3651 6756 3319
4 9847 2079 5777 8597
5 7928 6541 1113 3188 6454
5 9979 7711 4184 825 1686
4 2917 3170 5120 4003
4 29 2293 6765 3057
3 8675 5491 6742
3 9283 6068 5663
4 541 8302 4421 6498
3 6807 1530 6703
3 5341 9602 1647
3 2912 3024 1550
4 4071 8435 7874 9512
4 8395 4575 4624 2787
3 3239 6741 6021
3 2313 2512 2352
4 5027 9012 9815 6814
3 9325 3067 4410
5 2061 3409 2026 3426 4705
4 3149 8024 6360 895
4 2429 7975 2690 7922
3 5902 9851 2600
5 9619 2589 400 199 9002
4 8731 7117 4686 5766
3 1138 6558 4558
4 6961 1030 3717 5228
5 19 7020 6004 9869 4028
4 713 9768 482 951
4 7957 2520 2305 751
4 55 6607 41 1863
4 8292 1635 9640 3366
3 700 3540 8219
3 303 4223 3842
3 9523 2681 9450
4 6706 6849 9830 5816
4 6831 8713 8274 3475
4 2941 7088 3795 9477
4 6952 5359 502 8795
3 489 4665 4396
3 4882 3572 5511
4 84 8629 9286 9429
4 3167 4693 9255 5686
3 9020 6752 7442
3 3564 5006 2041
3 5304 1674 7698
3 5885 6296 4733
3 1005 5996 8575
4 4842 9649 8040 7092
4 8406 2975 565 3636
4 6361 5369 1904 1733
4 7657 8102 9628 498
3 5406 4910 2934
3 8640 3329 8419
4 394 5890 8588 3036
3 6228 4200 4250
4 8420 7553 5425 511
4 2356 2143 8224 611
3 554 9805 1723
3 2869 9595 3921
3 9581 8699 5892
4 610 4794 1655 6034
4 2278 3384 3544 4139
3 1664 4935 1500
4 2986 6455 5282 5756
4 6381 9087 6202 6182
4 7318 9944 3066 2577
3 3025 9306 4806
3 6780 5710 172
3 4637 2711 4016
4 1888 9544 3092 7382
3 9187 530 2250
3 3281 7406 7737
4 9216 2538 1997 6538
4 6649 9316 839 3124
4 3055 2748 874 9654
4 9411 271 6128 1797
3 8698 8338 4202
4 7640 5237 7870 92
3 7877 5466 5351
4 7293 9090 3910 5779
4 6901 3640 2566 5642
4 1515 4877 8566 9549
3 2008 697 2967
4 1560 9320 8440 7690
4 6900 2436 2440 225
4 9698 5554 1240 4171
4 9733 3257 6951 3050
4 3253 3008 8104 6818
3 3442 328 9680
3 3743 7428 8530
3 5381 5205 3915
4 8329 7230 730 8112
3 1993 9666 6069
4 8962 2006 1640 6638
4 4495 4109 6125 552
4 4090 4208 1218 7226
4 4078 7357 5182 9546
4 4058 8449 150 6398
4 3371 4833 6942 9475
3 1724 8739 9705
4 6412 6794 8637 3663
3 61 3786 830
3 6198 4233 7085
4 6724 1323 9559 9575
3 445 5856 2497
3 5881 419 3807
3 7188 7572 7190
3 2247 8020 9951
3 6656 4112 8079
4 583 9191 6669 6474
3 739 4246 7208
3 4098 9412 596
3 8213 608 6026
3 5402 2957 9757
4 7849 7210 1221 9524
3 4056 1527 1222
4 7929 4475 7631 4088
3 9166 8521 9610
4 4150 1512 3073 4372
4 9140 4984 9806 8059
4 4536 3311 8784 1908
4 5598 1852 718 7434
3 4066 3976 2570
4 8587 8548 7248 4291
3 2603 8328 1873
3 957 5034 6764
3 219 3891 6186
3 1833 5189 483
3 9291 3601 4297
4 3580 7320 3816 7548
4 1815 4661 7446 4656
3 6485 4196 6922
3 2424 7465 8368
3 375 9246 7172
4 3471 6804 428 572
4 8728 661 1313 9314
4 8736 7329 6012 4658
3 5727 2230 3026
3 1227 2425 5503
4 1883 1625 9485 761
3 658 2455 4587
4 2531 6877 4875 1079
4 6843 2426 8816 5267
4 8932 3989 9030 6220
3 1735 9813 3375
3 549 2626 3420
3 3410 9696 6903
3 622 3424 417
3 7956 6786 5957
3 7810 5214 4807
3 3667 1994 3038
3 9406 7648 4585
3 7140 3990 1491
3 5213 8835 4602
3 3168 8203 5303
4 7952 9452 6053 8128
3 297 6307 7685
4 8484 6206 1518 9832
4 268 9402 4848 7787
3 1784 8832 2799
3 6189 726 8554
3 2327 4194 1843
3 1372 4050 1631
3 9405 4164 8772
4 7186 1588 5516 7628
4 734 5089 2518 4652
3 1776 245 1465
4 7455 315 7255 3879
3 7287 6884 3058
3 7064 2904 4115
4 1992 7082 9495 8042
3 8783 5566 2434
3 3546 5757 2900
3 7799 5535 7232
3 8630 956 1508
4 6767 4455 1986 5263
3 1438 7637 5783
3 1332 8848 7683
3 6502 8346 3966
4 3457 2422 3354 846
3 9901 8277 9795
4 4687 1734 3510 9018
4 5868 7512 5699 1902
3 1637 5025 660
3 7028 8786 2261
3 3697 7677 6392
3 2738 9769 3414
4 6633 2335 9890 531
3 3692 902 9164
3 6418 2915 9511
3 1170 4920 9538
3 8489 7638 8681
3 1630 5049 5955
3 5808 5748 1667
3 7435 7602 4318
4 7399 1228 7372 4207
4 8342 4867 284 2651
3 5971 6875 290
3 3049 3866 5668
3 6654 720 1175
2 6457 665
3 7612 5636 6705
3 6456 2511 9634
4 9563 9691 989 4007
4 2828 8715 1524 8831
3 6123 4980 2482
3 3197 9627 6196
3 4583 7585 1557
3 8787 5500 3605
4 9670 3129 9105 9064
3 8425 1223 922
3 5948 4630 8989
4 1040 8586 409 9171
3 5693 2788 3885
3 3276 8309 5422
3 2507 3176 1601
3 6329 8434 5234
3 3196 1697 169
3 7864 1955 7867
3 1447 9282 1272
3 5227 975 6652
3 6160 3029 5240
3 4959 6255 2442
3 4414 3263 4544
3 8149 7236 32
3 7709 3541 2927
3 3579 6711 9625
3 3249 2657 2639
3 113 5698 5719
4 7911 1090 8915 3958
3 9820 3875 4986
3 7116 168 4720
3 580 6851 6856
3 1414 4064 4021
3 9685 3947 5627
4 2695 8158 8285 6475
4 474 3527 3490 5829
3 6529 9633 3191
3 9974 9382 3732
3 1838 8351 8085
3 4379 1100 6739
3 6404 3821 57
3 2641 4225 1910
4 9084 3655 3138 9562
3 6424 9996 3270
3 1984 7927 3370
3 8564 9045 9419
3 2296 4511 5477
3 5161 6168 8133
3 109 1276 9116
3 842 802 8768
4 8840 7846 2537 7256
3 6694 9144 448
3 3333 8382 152
3 8179 6338 3199
3 3245 248 1460
3 1605 8426 3047
3 8509 128 6438
3 567 1200 617
4 6965 1251 5090 1884
5 6269 1024 8978 4154 9872
3 7889 6718 4643
3 5818 4285 6871
3 6199 1804 5187
4 4873 6164 6420 3583
3 1773 2605 8991