7 6689 7088 5205 4733 6584 1613 5915
7 519 7687 5554 1386 2741 1256 9284
7 1066 3276 6756 7557 6601 9158 462
7 88 3918 4665 9353 5650 9466 5298
7 7499 1784 4867 5240 9130 4063 3657
7 606 6662 2455 5477 5428 141 2515
7 3817 8489 9965 6856 3732 1453 659
7 4525 2738 3773 57 5453 8190 9496
7 5335 567 5214 782 9118 8167 6902
7 677 8189 7638 4376 3366 7746 3465
7 4742 696 5535 3885 3502 6971 5844
7 423 7864 7768 4404 572 7118 715
7 6466 3294 3129 6818 4139 1738 6757
7 2920 7612 8892 2934 4914 8101 1943
7 8175 1605 9267 5816 1245 8737 7466
7 2519 4475 3317 3842 2900 1511 4347
7 7475 6913 3910 6220 146 2852 6094
7 4094 7287 9805 4250 92 4300 8018
7 6002 6404 128 9795 241 3102 9566
7 4839 739 2118 290 1430 930 2558
7 2735 3236 2401 3199 6023 3770 118
7 7965 190 6450 596 5799 9570 7274
7 5497 477 5636 8093 660 7595 7457
7 2432 1438 9255 6475 6216 7282 7187
7 2465 3527 4084 172 102 8094 1391
7 5018 9406 8573 98 6969 380 7081
7 5860 6794 9503 9654 4659 3326 8486
7 672 2233 2657 9634 5263 6784 7513
7 4601 7711 9944 8464 6048 7642 2906
7 9888 5213 9806 6764 8421 6589 8956
7 4008 4877 8792 933 4007 3169 8631
7 3090 3197 9078 2216 9457 8806 3843
7 6916 3005 3430 2235 4481 1746 5033
7 5324 1384 1869 2635 8445 9394 1220
7 5970 7156 6951 950 475 1565 3258
7 8310 3579 9559 9871 354 6698 147
7 4618 5808 3541 4202 529 1311 2292
7 9409 1609 7372 1491 6729 9234 2477
7 6663 6329 4630 8856 2059 7191 7873
7 2720 8425 7648 5719 7994 4326 6098
7 6277 8736 3068 4482 5267 2355 7197
7 4855 1372 3403 3666 8995 8188 7103
7 769 2589 1527 4228 5135 3482 8585
7 4309 8262 3821 483 992 3451 7829
7 5235 8029 5025 8991 617 1583 8827
7 2571 5387 8786 5626 5228 7019 523
7 1305 3655 720 3915 8504 2979 1896
7 8708 4583 248 4782 4643 826 7697
7 1209 8557 8198 5602 8110 5701 4206
7 7463 6123 1054 7226 4953 8595 2969
7 9514 109 5771 830 6927 4798 382
7 187 817 5721 1723 9949 709 7984
7 4377 4984 3947 2036 1902 4331 3867
7 1097 7028 9543 1201 7209 775 397
7 273 3596 3866 1628 7692 3098 6930
7 9679 1228 41 1792 2482 2640 5792
7 6783 7114 1955 8868 5495 6374 4834
7 5440 1630 8346 4613 7253 3940 1480
7 9003 5615 481 5511 6814 4664 7562
7 3444 2944 1010 6000 7840 4792 9612
7 4059 7398 8309 3616 751 1109 5356
7 6815 9935 3092 1326 1079 9177 8645
7 9752 4781 5748 4107 3636 4344 8075
7 7861 5948 7631 640 4704 772 9288
7 5769 3409 8338 7442 225 9948 3974
7 8477 7889 8382 6474 531 1169 9952
7 5086 3148 1142 1963 823 5576 4089
7 8518 1492 6410 2967 986 7425 5452
7 5445 3575 4421 6392 2937 9858 425
7 7070 2641 6836 1873 7759 9647 4828
7 6263 7993 8351 3191 5662 4696 6962
7 5934 6135 4848 2261 1686 9364 5835
7 9305 9347 2566 5668 1496 4366 7564
7 9707 3540 7637 3966 3493 921 9632
7 5299 2942 6669 9164 3993 4384 5564
7 3607 1406 3462 4705 9341 6251 6832
7 9313 3826 5757 5347 1845 2362 6367
7 9976 7180 7546 9625 9065 6132 2525
7 3549 9449 1995 1272 6261 7216 7532
7 6695 2536 3188 6771 6402 5952 578
7 9393 9473 442 9511 4986 2291 4800
7 4758 1323 9144 7698 3082 6618 3798
7 1335 4546 7465 7690 6966 8412 4355
7 1867 4428 4624 3840 552 1537 1302
7 6822 4387 7249 4003 9710 4256 7569
7 7429 8302 9045 4869 9202 1189 6344
7 3156 5113 2539 6634 4171 8652 8506
7 3629 7471 2904 1601 8367 4503 4491
7 5300 9402 9628 6550 1733 2320 4895
7 1273 4260 2642 5351 9429 9655 9228
7 2316 7129 8835 9557 3477 6805 1309
7 2883 9090 3368 9450 5036 3345 9516
7 4307 6493 1363 1508 9135 9481 5824
7 9799 1512 3779 2570 1355 1846 4775
7 3307 3651 2780 846 4615 7808 5514
7 7040 6457 4502 2167 2781 9263 8058
7 1757 6199 730 3783 7785 3062 3909
7 6670 1984 3354 8772 4764 6082 1048
7 2949 8458 6338 1729 292 5579 4623
7 1315 4414 8157 2639 9037 4371 121
7 1543 8024 5507 4020 4749 5951 5995
7 8703 9649 4980 8791 4021 3759 2270
6 5192 4706 1276 6984 6101 2667
7 9847 7116 3510 935 6024 5660 458
7 7401 3640 2198 6739 6648 2377 4871
7 2135 6658 1524 6567 607 2753 2220
7 5424 8209 1804 3114 9209 1443 1179
7 6115 4959 409 4666 8937 5622 3228
7 2917 7862 1564 3270 2776 7010 4989
7 3869 4208 3991 266 5584 4130 1476
7 117 4885 8784 2056 9751 4327 2415
6 222 4693 3396 9743 7847 374
7 7928 7704 150 9657 3190 9539 3621
7 4071 2079 1223 511 4024 8761 5076
7 8292 5358 1218 5732 6886 4123 6882
6 6807 1773 1200 5303 7548 4497
6 7957 3196 419 3445 4645 9809
6 8731 2357 6202 7787 5751 2924
7 9619 1593 8224 8614 9180 9075 7048
6 3855 7320 209 8079 2033 5803
6 1138 699 975 1777 2207 8860
6 303 842 6711 6903 896 4617
6 9325 2166 482 4602 1886 1081
6 2559 5743 3263 3026 942 1474
6 713 6110 8040 1252 5766 8243
6 4894 3208 7602 2352 9678 2884
6 372 1013 135 3420 9617 1062
6 700 5818 9696 3319 376 3793
6 6831 7198 6255 210 3958 2505
7 3167 5875 7236 8085 422 9159 9833
6 961 3951 493 4115 9537 1346
6 2061 5491 8440 4297 3818 8560
6 7657 9128 3830 4973 8194 2360
6 6706 6849 9874 8989 6809 2652
6 6381 9052 6003 8681 2105 4888
6 84 8020 5425 1460 2434 8970
6 3055 9852 8434 6498 6871 9900
6 1560 9137 8902 7883 3435 5238
6 8640 2838 9631 318 8118 7933
6 24 8158 457 3972 646 8990
6 920 1113 2399 6454 7386 1553
6 4143 6747 8521 2382 4485 514
6 3555 3257 2973 6703 1324 7941
6 541 7020 7314 4396 5433 9132
6 2356 627 5285 4657 8273 7811
7 6901 7230 502 2031 5050 1862 8296
6 1515 9685 1994 4137 2696 9458
6 4078 2538 168 497 9923 120
6 9675 5990 7248 9524 3721 7134
6 3442 8055 3875 8796 1587 3205
6 55 2714 5541 1684 9033 9561
6 3253 6558 7580 7685 9546 990
6 2576 5237 3490 2132 4555 2797
6 8329 8376 7574 5779 66 7315
6 6412 9974 6265 3047 8615 3203
6 4346 8435 6765 2250 1281 6283
6 3580 3990 9926 381 8642 9101
6 2247 5112 5540 2338 7901 4045
6 549 1860 3105 7382 9475 178
6 4090 2791 9633 2041 9375 7344
6 6198 9452 4920 1863 2217 4195
6 5885 3311 7572 267 645 2314
6 9523 2748 1221 5627 9410 3746
6 3988 789 6360 6446 2919 3532
6 9140 7451 3426 9345 8403 9928
6 4637 4437 4246 6645 8671 4119
6 1005 7104 4299 8059 8191 244
6 375 2899 4225 656 2551 7169
6 157 7512 4255 5756 3124 3524
6 2869 945 3073 506 2585 4756
6 7956 5744 4064 8653 4880 1101
6 5716 5060 7243 6503 85 444
6 3103 166 6718 3542 8609 629
6 8962 2006 7666 4028 2178 1436
6 3371 3160 3411 6438 7245 3622
6 7929 6924 7430 8682 9842 546
6 1992 5393 9830 35 8742 1523
6 9283 4223 1421 977 9981 9962
6 1776 6150 4815 8747 7663 2045
6 3149 2106 1267 8575 2304 8981
6 4058 1635 5282 9492 2771 6716
6 1664 3459 4673 8128 8882 4699
6 29 2784 3083 5711 1232 1985
6 2020 4537 9030 2600 9761 3839
6 5868 5510 655 4806 8951 2011
6 6961 7553 9890 9620 6643 4356
6 1833 7329 6029 2442 7203 4477
6 9563 2788 9286 2916 3194 3122
6 1888 5858 8207 6563 9134 3623
6 1353 3170 1640 4291 7882 4872
6 4150 1024 326 5012 5853 5116
6 7399 8586 7086 2077 6270 9408
6 4842 8459 956 9002 1835 6587
6 2912 2123 2690 5234 1352 6013
6 5693 2963 3603 6430 9262 9975
6 8406 726 9869 32 2831 9070
6 5341 8699 2495 9190 1215 1168
6 7141 5034 2425 7434 6512 2810
6 474 5359 5954 7337 1294 3646
6 2695 7357 2782 9018 6537 396
6 1528 9996 2605 4101 853 4227
6 9084 9768 1313 9512 4595 5374
6 9216 7210 2147 1465 4541 7309
6 4379 8629 615 3906 7912 3373
6 2986 8021 565 8034 6272 821
6 585 2512 4153 152 8597 9357
6 6228 9544 9297 8042 8176 3904
6 5406 9246 4875 1175 1046 5279
6 583 1651 9845 8530 8555 1725
6 8559 1194 825 4938 7364 252
6 4435 8713 4703 856 161 4398
6 5717 8290 4761 4587 8529 1644
6 3281 5746 5777 3615 2613 9062
6 7952 902 4154 3022 4205 9731
6 4494 328 428 5783 5674 8617
6 5304 1489 1177 7277 8259 6579
6 297 5487 8915 4957 1349 674
6 741 8449 5699 1222 4786 3393
6 7640 9595 5120 7190 6078 5457
6 5598 9463 9011 5054 6280 2260
6 445 9087 3602 4141 8030 175
6 3564 6752 1970 9314 2732 9133
6 6952 7082 2074 5621 7256 7761
6 9207 8979 8588 6356 9889 5045
6 568 3329 7255 3680 7636 4213
6 3025 2520 3017 3594 1441 2675
6 734 1090 4285 7668 6639 8300
6 8395 8848 4349 2787 6570 871
6 4495 2436 9640 7884 8037 6163
6 1040 3067 6200 2333 1263 1325
6 622 1530 3334 9116 6967 4724
6 7561 1734 69 3036 3802 5405
6 3471 9401 4080 3583 9127 7456
6 2008 5856 3200 164 2930 2275
6 2941 6877 439 2799 5375 2395
6 957 3384 3816 1647 1762 6237
6 3239 6884 7876 2982 4607 8909
6 3743 8739 5090 1557 6896 6737
6 9979 4170 802 2686 1631 2108
6 5381 7846 5566 4658 2817 4552
6 4882 5572 9382 1667 7411 8694
6 8675 8323 718 3370 9242 9964
6 7877 9851 8146 3807 4593 459
6 1735 9691 8285 5539 5866 691
6 61 3758 119 3220 9576 8984
6 8840 7891 5212 2577 9972 6359
6 8950 892 3108 7710 6580 115
6 6649 4511 9947 1755 5043 3261
6 6541 2928 6125 8831 4403 2527
6 3457 7117 1997 7034 5695 7558
6 1978 1852 8637 9464 6336 2543
6 8420 3424 95 7686 7732 2368
6 6724 6068 8823 3414 1152 5400
6 9581 2143 5516 7934 8876 3165
6 8728 9306 5017 8768 7856 1211
6 9411 8104 9487 2731 7162 9222
6 4214 3029 4507 9071 6893 649
6 9020 1100 1233 3112 9276 7633
6 5902 2711 5887 3740 7479 3531
6 7119 6159 1904 1797 633 9027
6 2429 4200 4050 5156 559 6491
6 6456 3138 9769 5678 5690 5193
6 489 6851 3717 8368 8379 2209
6 268 9191 1959 4656 704 3785
6 9626 5654 1830 611 9165 8062
6 8342 6786 332 2181 5628 6172
6 2278 2426 3795 7232 348 1110
6 580 271 3544 1627 8804 7837
6 610 6740 7870 6398 4854 8272
6 8179 2293 7446 9042 1331 8220
6 1993 3024 4686 9064 4990 5310
6 3692 315 7874 8236 7916 6476
6 7799 4648 9104 9171 2653 9272
6 6361 2026 6942 8940 2160 6279
6 5161 3572 9385 6141 9035 7445
6 4687 1674 839 2651 8973 7301
6 219 7792 199 5107 7276 8869
6 3030 3891 1908 2140 9068 4879
6 9187 7428 1518 7380 3784 7907
6 9291 4233 5829 5503 159 2072
6 2313 2422 8816 4409 7477 2602
6 554 9920 435 6615 2661 1937
6 4788 1689 6420 2663 8151 7729
6 3693 400 7567 7492 7041 9963
6 8204 9274 4720 9419 907 8263
6 6424 661 8410 3566 2119 3247
6 4098 5466 9485 9477 4930 5100
6 9698 8566 2537 1 2044 1412
6 4066 3976 6128 2409 2385 6672
6 1866 5698 9815 5187 4958 7762
6 1815 8277 7554 4585 4966 6081
6 6780 7677 9254 1634 3215 7576
6 6900 4455 989 982 8298 5702
6 6160 5710 1655 895 8228 1098
6 7318 3461 6012 922 46 1942
6 7911 9320 2783 8795 1365 3181
6 9901 9412 3066 7628 8116 5962
6 8698 864 2305 507 9564 1864
6 4056 4575 3585 9712 1487 2388
6 5881 2975 2440 3398 1250 1521
6 8520 8715 6536 4245 7135 1455
6 5027 1251 1986 2927 9604 5160
6 2327 1030 47 9182 5082 1620
6 8102 6168 1240 7211 2473 9156
6 7229 9666 9105 8187 403 4858
6 113 5500 8448 7193 4639 7805
6 9670 4833 284 5917 2665 5861
6 3667 2915 3512 6340 7665 7693
6 6767 4935 498 832 5287 4270
6 3410 2335 8536 2952 7682 1859
6 2531 6455 2518 9872 6956 9812
6 6633 1625 5182 6575 1968 1415
6 394 5189 9705 6538 5409 9440
6 7188 8426 212 3701 595 5014
6 8271 2626 6473 761 4713 3930
6 768 6735 8254 9738 127 8485
6 5402 6741 4207 8955 7448 3648
6 2774 3849 5295 849 9497 886
6 1724 8774 6327 208 91 1768
6 8213 3601 4558 8155 7096 2095
6 7849 5996 7312 5656 7777 9151
6 4586 245 5955 6305 177 9424
6 6418 9985 3632 7922 8353 7387
6 6843 9602 4807 4544 4605 294
6 3168 6304 5957 6652 300 461
6 2507 2681 1843 6705 3775 2406
6 8509 3176 1260 3879 8785 8164
6 2828 5089 533 671 6380 5087
6 8587 8548 5663 2997 3970 6188
6 9733 4910 4826 5352 1949 6593
6 1332 8203 6922 4029 64 2240
6 6965 530 2497 7208 6313 1160
6 1227 2511 4863 1910 5724 74
6 6044 2230 9680 1106 3949 6062
6 6694 7406 3050 2999 8378 353
6 6656 5006 7323 3453 6989 1700
6 3697 7585 3605 3038 2802 3675
6 19 4194 6069 9610 8324 4776
6 8564 513 8133 4318 2745 7812
6 5222 8574 2856 1977 1509 3133
6 1794 7319 3475 9538 8695 8686
6 7293 6804 5920 6523 1369 4278
6 8630 9316 8554 5158 7278 843
6 6269 5369 7867 330 9684 3952
6 2603 2742 6186 3116 7263 7555
6 8787 2957 780 3663 4862 934
6 7140 3865 7102 9819 6719 7604
6 1883 8447 9951 1685 6346 3434
6 4536 8462 6749 6985 5713 7515
6 7709 206 4016 4035 8523 3609
6 7064 1121 6316 9179 7730 4969
6 1879 5890 8766 100 2404 7769
6 8783 4794 417 7092 9273 3099
6 1447 6296 6842 169 6422 7715
6 6189 697 2992 3789 1239 2035
6 4873 4112 6710 6182 2187 5009
6 3546 4109 665 6034 9195 949
6 2424 6164 5888 9681 708 369
6 9820 6206 3938 6119 6009 5603
6 3008 6307 7737 8112 2578 1475
6 5227 608 7085 6026 5838 8800
6 9166 9813 3554 2180 2076 9028
6 2296 3104 3921 6357 9265 485
6 7455 200 1550 7494 560 4441
6 3049 4164 6409 7174 6213 7066
6 7810 6875 8803 1111 4017 2453
6 5971 6155 6425 5422 9645 9388
6 6139 1588 3375 3051 7171 5526
6 8878 4661 9562 6638 2394 8782
6 7186 7224 1503 3537 4034 969
6 6502 5517 2881 3057 5837 5899
6 7435 5049 448 5642 5088 106
6 6485 8370 5712 2060 5366 9505
6 3333 6004 6021 4372 2673 711
6 8086 3989 5686 9527 5830 2290
6 8149 8328 8219 1102 5241 1595
6 9913 277 5892 5291 6089 6946
6 5343 4635 9757 2323 1745 8542
6 1407 4184 6413 753 8938 1458
6 8932 9556 7172 1913 3364 9248
6 8758 2523 4410 5069 5913 3901
6 6607 1697 9586 4652 9846 4031
6 2324 965 1580 7579 7043 105
6 8484 9469 9549 1884 6407 1257
6 1269 8073 5620 7246 3513 8257
6 1838 6239 6742 2470 3418 4274
6 5245 6192 601 9804 3290 254
6 9405 874 8419 6196 1494 6331
6 6529 9012 3058 8854 1181 9641
6 5727 4196 6245 2000 3117 4247
6 6654 9282 6058 2464 7745 4328
6 1414 9495 7000 5601 4099 6657
6 658 7975 3565 9832 5170 7629
6 9046 3786 4088 3119 4400 3155
6 4948 6053 9575 6526 9742 3896
6 1637 8274 2245 1693 2126 4105
6 5218 9627 7683 2754 2386 508
6 3249 8978 1500 3054 993 6659
6 1170 8832 951 4940 8665 8644
6 3245 7927 6352 378 1182 3981