10 6689 7088 5205 4733 6584 1613 5915 8952 9038 3251
10 519 7687 5554 1386 2741 1256 9284 342 2863 2506
10 1066 3276 6756 7557 6601 9158 462 2393 2309 9758
10 88 3918 4665 9353 5650 9466 5298 2874 8904 2153
10 7499 1784 4867 5240 9130 4063 3657 7167 8182 518
10 606 6662 2455 5477 5428 141 2515 6999 3436 5172
10 3817 8489 9965 6856 3732 1453 659 7830 5473 7132
10 4525 2738 3773 57 5453 8190 9496 7894 2034 5083
10 5335 567 5214 782 9118 8167 6902 8746 6203 4964
10 677 8189 7638 4376 3366 7746 3465 1292 8293 3065
10 4742 696 5535 3885 3502 6971 5844 5302 4125 3404
10 423 7864 7768 4404 572 7118 715 8864 4426 7237
10 6466 3294 3129 6818 4139 1738 6757 9667 9800 5911
10 2920 7612 8892 2934 4914 8101 1943 8871 5670 274
10 8175 1605 9267 5816 1245 8737 7466 7726 6775 1308
10 2519 4475 3317 3842 2900 1511 4347 377 9056 9213
10 7475 6913 3910 6220 146 2852 6094 8109 5527 5122
10 4094 7287 9805 4250 92 4300 8018 9106 5026 5191
10 6002 6404 128 9795 241 3102 9566 2374 9221 5314
10 4839 739 2118 290 1430 930 2558 9789 1871 9879
10 2735 3236 2401 3199 6023 3770 118 6800 3610 1031
10 7965 190 6450 596 5799 9570 7274 5933 7647 7021
10 5497 477 5636 8093 660 7595 7457 5907 8911 3999
10 2432 1438 9255 6475 6216 7282 7187 5372 3846 9767
10 2465 3527 4084 172 102 8094 1391 4159 3031 1337
10 5018 9406 8573 98 6969 380 7081 1188 8688 1747
10 5860 6794 9503 9654 4659 3326 8486 4244 9983 3
10 672 2233 2657 9634 5263 6784 7513 4689 4087 3201
9 4601 7711 9944 8464 6048 7642 2906 7366 4669
10 9888 5213 9806 6764 8421 6589 8956 6838 4314 8748
10 4008 4877 8792 933 4007 3169 8631 4937 7006 9358
10 3090 3197 9078 2216 9457 8806 3843 2040 1592 8590
10 6916 3005 3430 2235 4481 1746 5033 7080 5210 4692
9 5324 1384 1869 2635 8445 9394 1220 987 8963
10 5970 7156 6951 950 475 1565 3258 2179 3443 126
9 8310 3579 9559 9871 354 6698 147 5289 83
9 4618 5808 3541 4202 529 1311 2292 8416 3672
9 9409 1609 7372 1491 6729 9234 2477 9420 1897
10 6663 6329 4630 8856 2059 7191 7873 8229 6866 6625
10 2720 8425 7648 5719 7994 4326 6098 1584 4263 4290
9 6277 8736 3068 4482 5267 2355 7197 5105 2375
9 4855 1372 3403 3666 8995 8188 7103 365 6713
9 769 2589 1527 4228 5135 3482 8585 857 1800
9 4309 8262 3821 483 992 3451 7829 6987 612
9 5235 8029 5025 8991 617 1583 8827 4282 3463
10 2571 5387 8786 5626 5228 7019 523 1166 3967 5259
9 1305 3655 720 3915 8504 2979 1896 862 1771
9 8708 4583 248 4782 4643 826 7697 8494 3077
9 1209 8557 8198 5602 8110 5701 4206 3509 9015
10 7463 6123 1054 7226 4953 8595 2969 3790 1681 3123
9 9514 109 5771 830 6927 4798 382 2025 1123
9 187 817 5721 1723 9949 709 7984 7542 3079
9 4377 4984 3947 2036 1902 4331 3867 9584 8916
9 1097 7028 9543 1201 7209 775 397 1470 7620
9 273 3596 3866 1628 7692 3098 6930 7407 490
9 9679 1228 41 1792 2482 2640 5792 2086 2636
9 6783 7114 1955 8868 5495 6374 4834 7900 6696
10 5440 1630 8346 4613 7253 3940 1480 4924 6708 9136
10 9003 5615 481 5511 6814 4664 7562 8051 7392 5061
9 3444 2944 1010 6000 7840 4792 9612 8446 5353
9 4059 7398 8309 3616 751 1109 5356 7920 6389
10 6815 9935 3092 1326 1079 9177 8645 1282 3328 9103
9 9752 4781 5748 4107 3636 4344 8075 6808 9155
9 7861 5948 7631 640 4704 772 9288 9208 6821
9 5769 3409 8338 7442 225 9948 3974 387 5278
10 8477 7889 8382 6474 531 1169 9952 6386 1715 4722
10 5086 3148 1142 1963 823 5576 4089 9082 2548 5004
9 8518 1492 6410 2967 986 7425 5452 9724 9607
9 5445 3575 4421 6392 2937 9858 425 1198 4675
9 7070 2641 6836 1873 7759 9647 4828 7712 8017
9 6263 7993 8351 3191 5662 4696 6962 3765 9361
9 5934 6135 4848 2261 1686 9364 5835 1392 3592
9 9305 9347 2566 5668 1496 4366 7564 3044 9994
9 9707 3540 7637 3966 3493 921 9632 929 4893
9 5299 2942 6669 9164 3993 4384 5564 8026 5523
9 3607 1406 3462 4705 9341 6251 6832 2809 5692
9 9313 3826 5757 5347 1845 2362 6367 2272 6290
9 9976 7180 7546 9625 9065 6132 2525 3450 3606
9 3549 9449 1995 1272 6261 7216 7532 163 8007
10 6695 2536 3188 6771 6402 5952 578 4449 6684 5880
9 9393 9473 442 9511 4986 2291 4800 6437 3121
9 4758 1323 9144 7698 3082 6618 3798 215 6743
9 1335 4546 7465 7690 6966 8412 4355 2184 3894
9 1867 4428 4624 3840 552 1537 1302 280 8261
9 6822 4387 7249 4003 9710 4256 7569 7727 4711
9 7429 8302 9045 4869 9202 1189 6344 8444 8105
9 3156 5113 2539 6634 4171 8652 8506 5462 8150
9 3629 7471 2904 1601 8367 4503 4491 8511 7749
9 5300 9402 9628 6550 1733 2320 4895 5878 2319
9 1273 4260 2642 5351 9429 9655 9228 8851 4096
9 2316 7129 8835 9557 3477 6805 1309 7654 6235
9 2883 9090 3368 9450 5036 3345 9516 2622 8551
9 4307 6493 1363 1508 9135 9481 5824 8659 1199
9 9799 1512 3779 2570 1355 1846 4775 9319 4357
9 3307 3651 2780 846 4615 7808 5514 1466 2444
9 7040 6457 4502 2167 2781 9263 8058 7857 7750
9 1757 6199 730 3783 7785 3062 3909 9441 7502
9 6670 1984 3354 8772 4764 6082 1048 2264 2526
9 2949 8458 6338 1729 292 5579 4623 2829 1420
9 1315 4414 8157 2639 9037 4371 121 7414 4330
9 1543 8024 5507 4020 4749 5951 5995 1791 7935
9 8703 9649 4980 8791 4021 3759 2270 3469 7566
9 5192 4706 1276 6984 6101 2667 3421 6751 8764
9 9847 7116 3510 935 6024 5660 458 1598 3772
9 7401 3640 2198 6739 6648 2377 4871 4111 1317
9 2135 6658 1524 6567 607 2753 2220 8562 4539
9 5424 8209 1804 3114 9209 1443 1179 9303 7823
9 6115 4959 409 4666 8937 5622 3228 1638 3574
9 2917 7862 1564 3270 2776 7010 4989 1393 9908
9 3869 4208 3991 266 5584 4130 1476 9694 7796
9 117 4885 8784 2056 9751 4327 2415 4114 9785
9 222 4693 3396 9743 7847 374 1912 5221 4038
9 7928 7704 150 9657 3190 9539 3621 4921 10
9 4071 2079 1223 511 4024 8761 5076 1891 8960
9 8292 5358 1218 5732 6886 4123 6882 8148 2438
9 6807 1773 1200 5303 7548 4497 5031 2281 2737
9 7957 3196 419 3445 4645 9809 4971 3854 9330
9 8731 2357 6202 7787 5751 2924 193 3561 9778
9 9619 1593 8224 8614 9180 9075 7048 1639 2713
9 3855 7320 209 8079 2033 5803 4653 808 7004
9 1138 699 975 1777 2207 8860 7503 2612 5999
9 303 842 6711 6903 896 4617 1779 2841 8212
9 9325 2166 482 4602 1886 1081 3429 1810 754
9 2559 5743 3263 3026 942 1474 2702 7931 1980
9 713 6110 8040 1252 5766 8243 4397 8125 4561
9 4894 3208 7602 2352 9678 2884 6156 2804 2042
9 372 1013 135 3420 9617 1062 5550 4642 2137
9 700 5818 9696 3319 376 3793 9950 2366 7205
9 6831 7198 6255 210 3958 2505 9077 4456 7178
9 3167 5875 7236 8085 422 9159 9833 8491 1967
9 961 3951 493 4115 9537 1346 4714 8662 7148
9 2061 5491 8440 4297 3818 8560 3946 4892 6138
9 7657 9128 3830 4973 8194 2360 1429 2234 912
9 6706 6849 9874 8989 6809 2652 2043 8502 670
9 6381 9052 6003 8681 2105 4888 7724 7305 4002
9 84 8020 5425 1460 2434 8970 1872 3761 6201
9 3055 9852 8434 6498 6871 9900 3895 8901 6292
9 1560 9137 8902 7883 3435 5238 1643 6566 3948
9 8640 2838 9631 318 8118 7933 8687 4147 8598
9 24 8158 457 3972 646 8990 2867 7488 724
9 920 1113 2399 6454 7386 1553 286 2910 7266
9 4143 6747 8521 2382 4485 514 7271 1541 3547
9 3555 3257 2973 6703 1324 7941 2065 1748 1424
9 541 7020 7314 4396 5433 9132 7207 5901 5073
9 2356 627 5285 4657 8273 7811 9912 3811 4378
9 6901 7230 502 2031 5050 1862 8296 536 6605
9 1515 9685 1994 4137 2696 9458 9822 2938 3115
9 4078 2538 168 497 9923 120 5323 402 6779
9 9675 5990 7248 9524 3721 7134 4163 7949 4224
9 3442 8055 3875 8796 1587 3205 2115 2607 1688
9 55 2714 5541 1684 9033 9561 9526 3231 1946
9 3253 6558 7580 7685 9546 990 2107 7389 7763
9 2576 5237 3490 2132 4555 2797 876 6106 7149
9 8329 8376 7574 5779 66 7315 4638 7334 399
9 6412 9974 6265 3047 8615 3203 2054 5301 7754
9 4346 8435 6765 2250 1281 6283 7234 2248 6056
9 3580 3990 9926 381 8642 9101 4677 2468 3645
9 2247 5112 5540 2338 7901 4045 7764 4014 4718
9 549 1860 3105 7382 9475 178 599 7594 3039
9 4090 2791 9633 2041 9375 7344 7915 1924 255
9 6198 9452 4920 1863 2217 4195 2875 5959 7918
9 5885 3311 7572 267 645 2314 542 777 2614
9 9523 2748 1221 5627 9410 3746 1259 3782 9508
9 3988 789 6360 6446 2919 3532 6909 1096 8268
9 9140 7451 3426 9345 8403 9928 6121 8134 3340
9 4637 4437 4246 6645 8671 4119 7573 1264 6488
9 1005 7104 4299 8059 8191 244 3862 5040 6375
9 375 2899 4225 656 2551 7169 5967 1203 2808
9 157 7512 4255 5756 3124 3524 3499 5188 9884
9 2869 945 3073 506 2585 4756 6067 5329 2945
9 7956 5744 4064 8653 4880 1101 5632 5725 2037
9 5716 5060 7243 6503 85 444 1297 9167 3977
9 3103 166 6718 3542 8609 629 4944 4532 9624
9 8962 2006 7666 4028 2178 1436 4866 9141 2078
9 3371 3160 3411 6438 7245 3622 883 1603 6888
9 7929 6924 7430 8682 9842 546 4498 7381 4264
9 1992 5393 9830 35 8742 1523 7370 6443 2151
9 9283 4223 1421 977 9981 9962 6179 6120 235
9 1776 6150 4815 8747 7663 2045 3305 7793 9006
9 3149 2106 1267 8575 2304 8981 2547 2513 2498
9 4058 1635 5282 9492 2771 6716 8214 4566 4701
9 1664 3459 4673 8128 8882 4699 1197 355 8721
9 29 2784 3083 5711 1232 1985 7339 1960 5442
9 2020 4537 9030 2600 9761 3839 2842 4019 9479
9 5868 5510 655 4806 8951 2011 3851 4085 2452
9 6961 7553 9890 9620 6643 4356 4907 1389 3174
9 1833 7329 6029 2442 7203 4477 5567 1568 9998
9 9563 2788 9286 2916 3194 3122 7770 3372 6920
9 1888 5858 8207 6563 9134 3623 1589 7998 4562
9 1353 3170 1640 4291 7882 4872 3691 1539 3339
9 4150 1024 326 5012 5853 5116 2885 2141 7065
9 7399 8586 7086 2077 6270 9408 3314 3476 9022
9 4842 8459 956 9002 1835 6587 8407 1176 4055
9 2912 2123 2690 5234 1352 6013 4293 9592 936
9 5693 2963 3603 6430 9262 9975 8266 6041 6064
9 8406 726 9869 32 2831 9070 1117 4209 3454
9 5341 8699 2495 9190 1215 1168 6746 6140 5042
9 7141 5034 2425 7434 6512 2810 2164 1787 1876
9 474 5359 5954 7337 1294 3646 3146 4667 4843
9 2695 7357 2782 9018 6537 396 7221 2057 2332
9 1528 9996 2605 4101 853 4227 2174 6243 8400
9 9084 9768 1313 9512 4595 5374 6268 2901 3182
9 9216 7210 2147 1465 4541 7309 7474 5630 3992
9 4379 8629 615 3906 7912 3373 2565 2241 689
9 2986 8021 565 8034 6272 821 9837 7120 6730
9 585 2512 4153 152 8597 9357 5770 9192 678
9 6228 9544 9297 8042 8176 3904 8533 9849 8741
9 5406 9246 4875 1175 1046 5279 5219 7222 4219
9 583 1651 9845 8530 8555 1725 1004 3295 3573
9 8559 1194 825 4938 7364 252 9720 5163 7262
9 4435 8713 4703 856 161 4398 5070 8193 9378
9 5717 8290 4761 4587 8529 1644 9729 7967 692
9 3281 5746 5777 3615 2613 9062 1338 275 3925
9 7952 902 4154 3022 4205 9731 7691 9300 9114
9 4494 328 428 5783 5674 8617 5879 15 4533
9 5304 1489 1177 7277 8259 6579 6865 6848 5154
9 297 5487 8915 4957 1349 674 1716 319 1396
9 741 8449 5699 1222 4786 3393 9073 1979 5247
9 7640 9595 5120 7190 6078 5457 9370 8186 3267
9 5598 9463 9011 5054 6280 2260 2921 4104 5092
9 445 9087 3602 4141 8030 175 1069 4550 7440
9 3564 6752 1970 9314 2732 9133 5451 8799 3316
9 6952 7082 2074 5621 7256 7761 1532 5386 4543
9 9207 8979 8588 6356 9889 5045 9611 3271 2218
9 568 3329 7255 3680 7636 4213 544 2246 618
9 3025 2520 3017 3594 1441 2675 847 7614 5559
9 734 1090 4285 7668 6639 8300 4634 8760 9333
9 8395 8848 4349 2787 6570 871 2898 6223 8383
9 4495 2436 9640 7884 8037 6163 8603 8826 9085
9 1040 3067 6200 2333 1263 1325 9992 6253 2051
9 622 1530 3334 9116 6967 4724 1710 2601 6726
9 7561 1734 69 3036 3802 5405 4046 5708 1328
9 3471 9401 4080 3583 9127 7456 9896 6596 2390
9 2008 5856 3200 164 2930 2275 4594 586 5133
9 2941 6877 439 2799 5375 2395 7822 4266 6240
9 957 3384 3816 1647 1762 6237 9844 8926 8540
9 3239 6884 7876 2982 4607 8909 9264 5519 683
9 3743 8739 5090 1557 6896 6737 9701 1679 8289
9 9979 4170 802 2686 1631 2108 9226 1612 9783
9 5381 7846 5566 4658 2817 4552 716 893 7091
9 4882 5572 9382 1667 7411 8694 7903 9001 2154
9 8675 8323 718 3370 9242 9964 7817 1934 4440
9 7877 9851 8146 3807 4593 459 8014 6641 6406
9 1735 9691 8285 5539 5866 691 1692 1981 151
9 61 3758 119 3220 9576 8984 8505 4981 5804
9 8840 7891 5212 2577 9972 6359 8945 3075 1767
9 8950 892 3108 7710 6580 115 40 4406 9230
9 6649 4511 9947 1755 5043 3261 8510 3007 5583
9 6541 2928 6125 8831 4403 2527 2948 6134 3501
9 3457 7117 1997 7034 5695 7558 138 6921 8646
9 1978 1852 8637 9464 6336 2543 8953 953 93
9 8420 3424 95 7686 7732 2368 352 9000 4106
9 6724 6068 8823 3414 1152 5400 4353 3757 67
9 9581 2143 5516 7934 8876 3165 1348 8550 3282
9 8728 9306 5017 8768 7856 1211 1417 7987 4486
9 9411 8104 9487 2731 7162 9222 1299 3127 695
9 4214 3029 4507 9071 6893 649 7422 4343 736
9 9020 1100 1233 3112 9276 7633 9031 1012 5268
9 5902 2711 5887 3740 7479 3531 8033 9968 6059
9 7119 6159 1904 1797 633 9027 5123 4167 9407
9 2429 4200 4050 5156 559 6491 4884 5481 9247
9 6456 3138 9769 5678 5690 5193 8638 4856 6824
9 489 6851 3717 8368 8379 2209 4062 2104 543
9 268 9191 1959 4656 704 3785 8610 2052 7587
9 9626 5654 1830 611 9165 8062 4236 6681 4651
9 8342 6786 332 2181 5628 6172 7592 9433 2341
9 2278 2426 3795 7232 348 1110 9438 9324 9150
9 580 271 3544 1627 8804 7837 9882 6864 6926
9 610 6740 7870 6398 4854 8272 8664 2402 9023
9 8179 2293 7446 9042 1331 8220 9074 4086 924
9 1993 3024 4686 9064 4990 5310 2121 3285 8650
9 3692 315 7874 8236 7916 6476 2958 6642 527
9 7799 4648 9104 9171 2653 9272 9054 3474 5464
9 6361 2026 6942 8940 2160 6279 7361 8072 1591
9 5161 3572 9385 6141 9035 7445 6426 6181 8160
9 4687 1674 839 2651 8973 7301 2972 7231 7462
9 219 7792 199 5107 7276 8869 1248 1774 3550
9 3030 3891 1908 2140 9068 4879 979 2909 3753
9 9187 7428 1518 7380 3784 7907 1820 6451 5180
9 9291 4233 5829 5503 159 2072 516 4734 6939
9 2313 2422 8816 4409 7477 2602 1008 9838 7791
9 554 9920 435 6615 2661 1937 9980 3308 639
9 4788 1689 6420 2663 8151 7729 1045 7806 2345
9 3693 400 7567 7492 7041 9963 1330 1875 8140
9 8204 9274 4720 9419 907 8263 509 8883 6231
9 6424 661 8410 3566 2119 3247 8401 9298 9722
9 4098 5466 9485 9477 4930 5100 7508 6036 8624
9 9698 8566 2537 1 2044 1412 2568 1461 338
9 4066 3976 6128 2409 2385 6672 2156 4916 8692
9 1866 5698 9815 5187 4958 7762 7493 2479 8460
9 1815 8277 7554 4585 4966 6081 3754 6898 4777
9 6780 7677 9254 1634 3215 7576 5001 8814 7077
9 6900 4455 989 982 8298 5702 2023 2417 6712
9 6160 5710 1655 895 8228 1098 8312 8450 866
9 7318 3461 6012 922 46 1942 3997 1840 9110
9 7911 9320 2783 8795 1365 3181 4853 6391 1822
9 9901 9412 3066 7628 8116 5962 9911 5155 575
9 8698 864 2305 507 9564 1864 9553 9143 6810
9 4056 4575 3585 9712 1487 2388 3157 3070 7701
9 5881 2975 2440 3398 1250 1521 6932 2228 1756
9 8520 8715 6536 4245 7135 1455 1790 9734 3356
9 5027 1251 1986 2927 9604 5160 5569 5201 9302
9 2327 1030 47 9182 5082 1620 6727 8988 4473
9 8102 6168 1240 7211 2473 9156 8288 4821 11
9 7229 9666 9105 8187 403 4858 7794 7865 2400
9 113 5500 8448 7193 4639 7805 2467 7689 4899
9 9670 4833 284 5917 2665 5861 1193 2 4044
9 3667 2915 3512 6340 7665 7693 8316 6211 740
9 6767 4935 498 832 5287 4270 8801 9368 7547
9 3410 2335 8536 2952 7682 1859 9623 2557 8307
9 2531 6455 2518 9872 6956 9812 7415 793 6366
9 6633 1625 5182 6575 1968 1415 7143 2082 8649
9 394 5189 9705 6538 5409 9440 1799 9379 9779
9 7188 8426 212 3701 595 5014 6218 395 9351
9 8271 2626 6473 761 4713 3930 30 2229 2535
9 768 6735 8254 9738 127 8485 6161 6839 4487
9 5402 6741 4207 8955 7448 3648 897 6571 8063
9 2774 3849 5295 849 9497 886 4113 2796 6378
9 1724 8774 6327 208 91 1768 1104 3845 3661
9 8213 3601 4558 8155 7096 2095 2766 7872 8126
9 7849 5996 7312 5656 7777 9151 8103 2383 3428
9 4586 245 5955 6305 177 9424 52 6683 4457
9 6418 9985 3632 7922 8353 7387 5619 6963 6880
9 6843 9602 4807 4544 4605 294 6393 65 5472
9 3168 6304 5957 6652 300 461 2648 779 6728
9 2507 2681 1843 6705 3775 2406 6905 7525 3593
9 8509 3176 1260 3879 8785 8164 4784 4628 357
9 2828 5089 533 671 6380 5087 5684 959 7898
9 8587 8548 5663 2997 3970 6188 6460 6806 2504
9 9733 4910 4826 5352 1949 6593 2407 8428 7220
9 1332 8203 6922 4029 64 2240 5074 8843 5389
9 6965 530 2497 7208 6313 1160 3735 501 2935
9 1227 2511 4863 1910 5724 74 3859 9934 9490
9 6044 2230 9680 1106 3949 6062 2846 1255 2959
9 6694 7406 3050 2999 8378 353 4117 8225 8974
9 6656 5006 7323 3453 6989 1700 4787 3963 1029
9 3697 7585 3605 3038 2802 3675 1752 8366 2931
9 19 4194 6069 9610 8324 4776 9881 1656 6047
9 8564 513 8133 4318 2745 7812 2206 3924 6982
9 5222 8574 2856 1977 1509 3133 4302 7341 4851
9 1794 7319 3475 9538 8695 8686 7045 484 4518
9 7293 6804 5920 6523 1369 4278 9859 3597 8470
9 8630 9316 8554 5158 7278 843 463 1368 6415
9 6269 5369 7867 330 9684 3952 6379 3269 112
9 2603 2742 6186 3116 7263 7555 3466 4690 4033
9 8787 2957 780 3663 4862 934 281 6722 1741
9 7140 3865 7102 9819 6719 7604 3085 8027 1395
9 1883 8447 9951 1685 6346 3434 9482 4685 7394
9 4536 8462 6749 6985 5713 7515 3505 4394 1834
9 7709 206 4016 4035 8523 3609 1271 4248 3714
9 7064 1121 6316 9179 7730 4969 5709 9157 5023
9 1879 5890 8766 100 2404 7769 6915 7384 4682
9 8783 4794 417 7092 9273 3099 4564 2835 6423
9 1447 6296 6842 169 6422 7715 1504 9574 3470
9 6189 697 2992 3789 1239 2035 6925 8807 4009
9 4873 4112 6710 6182 2187 5009 1930 8136 4688
9 3546 4109 665 6034 9195 949 3874 9790 7645
9 2424 6164 5888 9681 708 369 9089 6883 6085
9 9820 6206 3938 6119 6009 5603 833 5768 6799
9 3008 6307 7737 8112 2578 1475 6885 9362 5005
9 5227 608 7085 6026 5838 8800 4211 8743 2633
9 9166 9813 3554 2180 2076 9028 5256 9987 2205
9 2296 3104 3921 6357 9265 485 865 8547 5582
9 7455 200 1550 7494 560 4441 2192 4499 2268
9 3049 4164 6409 7174 6213 7066 2397 2621 8976
9 7810 6875 8803 1111 4017 2453 3673 8918 9139
9 5971 6155 6425 5422 9645 9388 130 2089 2501
9 6139 1588 3375 3051 7171 5526 6103 1907 304
9 8878 4661 9562 6638 2394 8782 2989 5305 3907
9 7186 7224 1503 3537 4034 969 7145 8627 5262
9 6502 5517 2881 3057 5837 5899 8987 9240 2722
9 7435 5049 448 5642 5088 106 5099 3556 4060
9 6485 8370 5712 2060 5366 9505 9652 1911 5143
9 3333 6004 6021 4372 2673 711 3799 6157 918
9 8086 3989 5686 9527 5830 2290 8500 1861 8775
9 8149 8328 8219 1102 5241 1595 6677 5610 3847
9 9913 277 5892 5291 6089 6946 8928 4453 6234
9 5343 4635 9757 2323 1745 8542 3584 7755 282
9 1407 4184 6413 753 8938 1458 1531 4654 3186
9 8932 9556 7172 1913 3364 9248 9268 7624 4279
9 8758 2523 4410 5069 5913 3901 3498 6519 3877
9 6607 1697 9586 4652 9846 4031 6178 2373 2859
9 2324 965 1580 7579 7043 105 6345 202 8291
9 8484 9469 9549 1884 6407 1257 2048 6619 9941
9 1269 8073 5620 7246 3513 8257 5101 4221 6353
9 1838 6239 6742 2470 3418 4274 8691 5041 9421
9 5245 6192 601 9804 3290 254 7843 5208 9043
9 9405 874 8419 6196 1494 6331 8159 5411 3449
9 6529 9012 3058 8854 1181 9641 3425 9299 1402
9 5727 4196 6245 2000 3117 4247 5534 8097 6772
9 6654 9282 6058 2464 7745 4328 5998 1448 6861
9 1414 9495 7000 5601 4099 6657 3394 4515 366
9 658 7975 3565 9832 5170 7629 4767 9219 4582
9 9046 3786 4088 3119 4400 3155 8413 2534 6953
9 4948 6053 9575 6526 9742 3896 9823 133 5958
9 1637 8274 2245 1693 2126 4105 1364 6857 8872
9 5218 9627 7683 2754 2386 508 5700 947 5715
9 3249 8978 1500 3054 993 6659 3710 4472 5417
9 1170 8832 951 4940 8665 8644 9328 7866 8545
9 3245 7927 6352 378 1182 3981 890 5039 6312