2 6520 8001
5 262 7012 6303 7950 690
2 9702 3737
1 2007
2 9099 329
3 4144 538 7404
4 7904 8872 8741 1060
3 2343 2549 6481
2 5317 1295
3 4898 911 4463
1 8452
2 7329 7496
4 6363 5917 2524 1114
3 5864 2629 7527
3 2693 7248 8308
3 1480 34 8080
4 5739 7923 7852 2540
2 6072 794
4 7003 6195 9428 5935
1 8606
4 7882 7867 4614 3560
1 8070
1 2298
14 3905 1724 6601 3262 9661 3847 2947 5327 4265 7720 2763 5319 3872 383
2 7314 962
2 2491 8874
9 2735 8672 8234 7419 1448 1185 1484 5364 9536
4 7028 2056 5480 8654
6 6462 3610 2080 4994 5515 593
3 881 5984 2597
5 39 6398 8842 4114 5606
4 9509 7121 6011 3402
2 3187 3838
2 3864 4977
3 8038 257 8862
4 6830 6309 8971 1456
5 5437 7850 5947 2010 5077
2 4998 2987
6 6362 2229 7774 6791 5570 5449
3 8160 8411 1895
7 8991 1146 5031 78 8200 9057 1772
1 3134
5 1817 87 5905 5488 5047
5 3198 1542 413 2029 2897
3 4303 1011 879
4 6548 6371 7408 2864
1 4996
2 8732 2138
3 9503 427 3026
5 9011 1624 2111 4864 4
4 2881 4789 2946 9669
1 9764
1 7182
4 605 1915 8126 4573
3 1107 9697 6635
1 6834
5 6740 6907 2931 5048 2097
6 2605 9844 7454 8643 1401 455
5 558 3935 4454 2795 4284
3 2288 6005 170
5 9624 8284 9006 4244 3656
1 7476
6 6382 8536 5153 2798 2310 296
2 6581 5581
4 1773 2768 4610 5855
3 7280 4597 5543
2 8239 6322
2 7347 1614
3 2204 9596 9532
4 7966 4730 9336 4097
6 3508 7218 6440 6675 5512 1080
6 5156 4247 5932 9551 2595 8424
3 5763 9009 3571
4 1721 3623 8778 3180
1 2134
8 7373 4612 1126 3581 9667 1953 2925 1708
3 264 594 5470
2 8464 2544
2 928 188
3 5426 6855 5348
4 2591 9653 2334 8232
7 4924 8676 8997 1850 2092 5142 4292
6 9489 9958 4473 4464 7851 6750
5 4301 7593 5544 3369 3279
4 8721 3114 14 8647
5 4087 967 1334 9615 5533
5 9100 3191 2346 5845 2610
3 9897 8366 1318
4 5377 1322 5084 8019
2 9444 1003
4 6724 4232 5274 8380
6 5321 5165 6428 623 5354 2280
4 134 7516 4262 6627
1 3887
2 2787 3478
6 4532 4380 8180 9280 2067 1180
1 3491
2 2984 1847
2 613 6914
3 9751 9986 4047
7 4450 8061 874 3312 1748 1575 9146
6 1071 9153 3881 2364 9616 9507
2 1594 6086
4 854 9588 6588 3861
2 4184 3120
5 7318 397 359 4751 7151
5 3311 5658 5394 793 5578
4 5625 7447 4095 805
2 288 998
1 3265
4 3962 8568 1398 8163
5 8885 3728 1762 3978 6212
4 129 5121 4324 7112
9 8667 9118 745 9583 8466 5657 9531 3698 4445
3 698 8812 2839
4 3877 4253 6691 7522
2 723 3741
2 1680 8910
4 1725 4981 5894 7089
5 6169 347 9719 1878 3388
2 8893 242
1 9451
4 5679 2155 7815 6994
3 4029 5968 3745
2 5997 7986
1 3705
3 1374 5401 2200
5 4135 2027 5610 9308 4695
2 8625 641
2 3256 6323
2 3625 3652
9 2147 5393 2648 2545 9193 995 7590 6489 1287
3 6526 6863 9520
2 631 8327
4 3215 6159 9676 2616
6 7196 7728 4322 9365 7644 7289
3 8565 9575 4662
4 2692 3015 390 411
5 5593 8343 3829 3996 5501
3 1188 4753 9413
2 2122 7374
4 8749 577 5145 8377
2 619 2983
1 1545
6 8786 559 8066 2822 3927 2818
7 103 6555 1187 8905 1946 3890 787
6 3630 1905 6249 2011 8455 3313
8 5452 8079 3186 6034 9310 4412 597 7979
3 4148 5130 7481
9 7387 2722 4026 7589 6810 5750 8714 5456 1638
2 1666 4149
2 2918 8556
4 5151 7144 5251 6271
3 2499 4032 9573
2 5833 1522
2 205 9782
3 8868 3703 6701
3 2959 2214 6960
2 5260 0
5 9663 7520 5776 8634 8487
5 3828 2050 6892 3223 5978
3 4647 3910 9834
3 3163 6014 8253
5 7892 6542 2137 6436 5362
3 2863 7528 5896
2 8048 4823
3 1691 9568 4668
3 6108 3275 8467
1 5604
2 2261 6943
1 4220
3 7205 4776 2840
2 5950 8414
4 2382 2381 8365 3712
3 5424 3555 107
3 171 470 2609
1 6514
2 5072 3975
3 9447 1237 4091
4 2082 4834 7443 9281
3 8046 1446 4599
1 7937
6 4942 7168 1375 28 441 5979
3 2112 4985 679
6 8167 5837 8624 1428 5462 1009
4 6181 3494 5339 6210
1 9097
8 8736 4802 3960 5037 9414 2588 2069 8375
4 6689 9437 1617 8473
3 6935 6334 163
3 6102 5482 1699
5 7253 6245 2115 2958 9530
3 380 2877 1760
3 2379 2815 7977
1 1586
1 3749
2 1816 1293
6 3061 2197 917 9949 7288 2691
6 2512 4869 9355 4928 3971 3920
3 2662 6445 5592
2 5619 8808
3 2272 7821 4243
7 9944 4046 7056 2262 6374 7859 8089
2 2242 6288
2 7970 9552
3 8244 4385 6717
2 2344 3742
4 8124 4363 7969 4971
7 3090 6227 9726 4766 5033 4210 3934
6 5505 5039 7623 5068 9206 4771
2 8402 8392
2 2198 5159
4 3117 7746 7290 4277
3 5481 9358 1705
7 3173 3054 5164 5102 6801 1728 343
7 7293 2352 345 2579 4983 2035 7649
4 1572 3407 1242 6715
4 1286 3472 6313 4820
4 8745 888 2932 9467
4 1119 7844 5812 4337
2 8762 6819
5 6145 7944 7983 3128 1268
7 6012 2142 4212 2237 4082 2064 4281
1 4735
4 8767 3689 5104 8313
6 1486 6036 6578 9678 3521 6978
5 6480 8619 958 9008 3617
4 2119 8934 6388 3289
3 946 155 9775
7 7322 6124 4978 9542 5109 4134 1506
8 654 4638 3674 9862 9597 5595 6611 9399
4 2978 2266 4222 360
1 2806
2 4884 4320
10 2741 1932 2367 3399 1091 7639 960 1636 7302 5542
1 447
5 4163 6463 8836 9417 8740
3 9788 7669 8717
1 5895
3 4460 2879 8095
3 448 1213 4287
4 7798 7997 7052 8301
3 2522 650 5494
6 3330 7291 8998 8478 9600 8364
3 3548 9221 756
2 3982 6559
3 9689 139 9717
5 9967 8702 6010 8166 5697
3 3206 9184 8777
5 3940 2374 8072 9240 5460
4 5674 6933 5119 7059
2 19 4987
6 1908 694 7279 8908 6301 7416
4 8353 5802 3519 4611
6 1554 2433 755 4618 6852 8540
6 7501 1831 1525 9252 4218 5225
4 4340 3096 7160 4158
3 1155 6094 8282
3 7181 9966 6088
9 938 3150 2820 1811 8165 1548 7304 2553 7017
6 3139 4658 6560 2837 9956 9423
4 3091 9338 6482 3723
3 4575 2594 3856
7 9586 7806 968 5078 5221 1073 5311
2 1057 6241
3 1989 1172 9792
5 3487 2468 1899 3062 3945
3 6792 3889 4844
3 7787 9060 5900
5 8016 1736 4769 8461 3525
2 9455 6060
3 7345 1140 5215
4 7105 517 9154 9493
6 6729 7100 5314 4757 3305 923
1 2289
1 1823
5 7394 8014 2462 8645 6958
4 6495 9055 7125 1983
6 8525 1520 8863 4193 8205 3042
1 8156
5 5626 7945 3878 8454 2509
5 9979 8432 8206 1120 4049
4 5664 1917 2993 1974
3 4306 1957 1887
4 4572 5671 504 2586
5 1433 2406 9318 1342 6439
1 3310
3 6491 1234 8
5 8458 1415 3775 8526 5647
6 4872 6583 5203 99 4510 7788
2 1934 8106
3 8784 8143 8622
6 9144 634 1476 9989 5217 7968
3 2646 1933 5661
1 7228
3 7487 73 2411
1 6
1 4127
3 1041 1698 3304
6 3337 4961 9069 7932 9521 1923
3 8785 4880 181
2 4944 251
5 1270 7221 3670 2643 4013
2 4249 8543
2 1367 7405
1 6470
5 1459 6696 584 9017 3792
3 5694 5580 4600
4 7653 1092 3095 5416
2 5044 4124
3 7438 3066 1341
5 8272 4291 7143 4868 3417
3 3980 440 16
3 7431 1468 9304
4 7741 3118 3464 9
6 2517 7868 8881 143 3350 1191
3 2721 3509 6242
3 9814 2550 6226
3 7285 8145 6191
4 1975 4240 1802 6524
2 9648 8114
5 964 8914 8946 4181 6595
4 8655 5961 7095 5058
3 825 6564 9638
2 7711 3252
2 6902 6664
5 3359 9032 6624 8707 9484
2 54 3619
7 9880 7328 9826 7616 8299 3081 2421
1 8251
1 9220
2 3801 443
2 6621 5874
1 6467
8 5490 4486 1197 201 1982 1754 1631 9277
6 164 1686 9090 2714 7771 2225
4 4810 1380 706 5455
4 1216 2953 1927 5791
6 6131 5176 7195 2853 9773 3944
1 4054
1 7563
1 6365
6 3213 7638 8511 4092 3897 7565
1 7133
3 7536 1935 5003
2 8683 2188
1 8718
2 2018 4273
4 9158 4625 7972 1579
4 9780 4484 3644 4891
5 9657 9612 289 9905 2659
4 7267 4396 7620 464
8 1215 1776 4632 5186 3379 8015 4399 7625
5 2316 4689 8006 8275 5617
2 3721 3965
6 6281 8553 5897 5612 4458 5964
2 6055 6250
6 4673 4845 9953 8358 1249 36
2 6353 2847
1 7460
7 539 9435 1298 6187 2022 1753 316
4 8395 7020 900 5395
3 3795 7094 8078
3 355 7584 8279
1 7146
3 5908 4316 6070
3 3694 913 6093
5 3515 1622 5784 9434 616
7 396 7332 7027 1712 3642 7269 9990
4 204 1950 7752 1488
2 4074 3041
6 9919 8692 7718 7749 410 7744
3 446 9398 3431
3 7833 6289 9431
1 8087
2 4624 5434
8 9742 798 7340 5 3922 8499 5162 6613
1 4189
2 9540 7157
2 2193 5269
6 5794 9666 1827 5643 4768 778
1 5758
2 8150 835
4 8248 3592 5423 5108
3 461 2412 4723
4 7817 1302 7427 2096
6 5136 6759 6355 6760 4925 6396
1 6207
3 6530 5353 5949
6 2269 7907 9959 1039 4378 4799
3 3868 1329 868
5 5898 6934 6335 5209 4968
3 3733 5877 7825
4 4298 2886 1419 7074
4 81 252 8417 9301
3 2400 2832 7991
3 6692 6743 7621
2 1209 2698
2 9028 7943
4 738 5303 3074 2457