6 6689 2233 2399 3701 7364 5323
6 519 6139 1054 9743 8151 9882
6 1066 5387 7243 9710 9645 9370
6 88 1609 7580 7211 6784 1429
6 7499 4706 5620 9195 4347 1292
7 3817 9046 8198 5602 2919 7010 9980
7 606 4781 7567 6584 709 1943 7414
6 4618 5060 4376 2059 3451 7508
7 5424 6159 2198 8868 5156 3215 5452
7 677 8271 135 1260 9604 8263 2397
6 4742 3918 8370 8236 4696 9837
6 5335 5113 6155 6446 7386 5076
7 4525 5222 3462 9353 9134 9975 716
6 2920 2774 9469 98 5713 4653
6 423 4428 5507 3112 2640 3895
6 4094 190 9556 8796 4930 7569
7 7475 5218 8774 1792 992 2072 509
7 8175 3208 5771 4101 91 1937 3295
8 6002 6493 4635 6771 7759 1239 1700 2948
7 6466 1384 3105 8955 4331 659 342
7 5860 4788 2123 3554 8504 5690 9228
7 6916 7119 2928 7430 6305 5576 2174
7 5497 6044 6836 2036 8445 649 352
6 2519 5112 1995 7034 6579 3157
7 7965 8209 2742 4613 8951 1311 4834
6 9888 1978 8574 2077 7216 9701
9 2432 1407 3865 8207 2916 354 9481 8782 4236
8 4839 4214 1860 6003 2181 7916 2515 2867
6 4855 4546 6842 8273 5915 5700
7 4601 3148 7323 2686 645 4503 1248
7 9799 9347 3068 2783 5601 3373 1045
6 2465 7229 6450 8791 1738 4498
7 672 8520 8459 1580 6048 1168 6915
7 4008 4494 8323 7876 8118 886 8491
7 9679 6924 7086 3114 3418 5014 7865
6 5018 7687 2118 3542 8695 7493
7 6695 6135 965 1729 1232 7197 5473
7 2316 4387 9965 6413 2160 4371 4046
6 2735 5393 4673 9657 853 8075
8 8310 5717 1651 9487 5069 5724 5861 5301
8 769 568 5572 2642 601 6141 2314 5550
6 273 7180 4502 671 3793 5289
6 6663 3005 655 1106 8737 7532
6 5086 166 8093 6956 7445 3561
6 9409 7398 3602 6893 4724 8691
7 7463 1794 3849 381 2663 2291 516
8 4377 3236 3317 4782 2323 1487 8694 5372
7 4307 627 5285 4020 3493 775 5835
5 2720 3951 7554 2817 4293
7 6277 9473 3585 9738 5838 1859 7389
7 5324 7129 8447 1684 7278 294 1820
6 5970 8262 119 3993 8860 1297
7 1305 1866 6304 1201 9209 5310 7415
6 2571 7156 4703 5656 826 8109
8 3444 3294 4648 1830 5678 4786 2675 2842
6 5235 3596 513 7883 7856 4062
7 8708 4435 206 780 2731 9564 9632
6 9514 9137 2992 6119 6587 2054
6 2576 4170 3938 5291 4227 5995
8 3090 3030 200 3666 6523 3802 9963 8316
6 222 8979 5541 529 8644 8502
6 4309 1593 2856 5695 629 2220
7 2559 699 5517 4869 4880 9028 1188
7 3555 2714 2539 4404 4485 3532 5219
5 6783 4885 2635 2585 1532
7 1097 2324 277 4826 3789 7096 6905
6 187 5990 4299 1355 5160 3854
6 5716 892 6410 9190 4327 9288
7 5769 7561 6192 950 1263 3155 425
7 4059 696 3403 8856 2771 9458 6103
6 7401 5744 9631 9620 4130 7764
6 5440 817 9947 102 1862 2841
6 9003 6658 9254 6216 4888 7770
6 7861 7704 6316 4141 1494 3798
6 6815 3459 7666 4957 2394 5567
6 1209 2963 3200 3190 1846 1117
7 4894 4437 481 3632 8804 715 8134
7 8518 7471 2973 5012 46 8956 5519
6 9752 3575 9926 2409 7263 5824
6 117 2791 3108 4938 2884 6987
7 7040 7114 8157 3783 2033 7604 1924
8 9305 8204 7198 7574 1628 6023 9388 7689
7 8477 1489 1564 640 942 1458 8562
6 372 1013 95 4555 7761 857
6 9707 9401 1503 2982 7730 7724
7 5445 2536 1010 4137 4914 1745 6882
8 6115 8950 5654 3396 8682 6971 2969 2621
7 6263 2942 9297 9345 9655 254 4343
7 961 7792 782 6643 2360 7309 6386
8 9393 477 7249 6984 1496 2551 2290 40
9 5299 4586 2166 7319 6058 7686 4615 7933 4990
6 4143 5746 3616 2781 1181 8296
5 9976 3160 9871 9035 7829
6 7070 6110 3565 330 7135 7573
5 3607 2838 1386 7785 1896
5 3549 2357 6425 64 5569
6 1335 6747 2245 7209 2260 4623
6 3855 2899 2235 9537 1110 8446
6 3156 2784 69 2997 1062 6344
7 7429 4260 2401 5712 8403 9962 1799
7 4346 1492 6029 8854 1081 6098 9789
6 5934 6662 1869 3840 9972 4714
7 585 8029 3083 5050 7595 6094 1748
6 5300 5510 439 6356 6213 5514
5 9207 3461 5888 8882 9720
7 1867 1406 3411 2140 2802 6902 8272
7 6822 5615 3758 4815 832 2108 9623
7 4758 7451 1233 4666 2385 9070 8312
7 3307 7104 9267 9492 3770 7466 6120
6 9313 945 6239 6000 8030 6179
7 2949 8557 615 7492 2404 74 833
7 2883 3826 7224 4761 9182 4045 8159
5 3103 9052 6749 1441 4866
7 920 5743 3991 506 3818 8970 3673
6 3988 8055 8823 5054 1101 1810
7 3629 8086 9543 9557 4966 1521 990
7 1543 5875 9104 3615 8191 3901 8901
6 2020 9274 6710 7668 9234 1069
7 8703 2106 4153 2952 2745 5366 7542
7 1315 5358 8766 2464 595 9812 3085
6 1353 4537 6265 1886 175 9859
6 1273 8376 7312 3220 3203 6367
6 741 8189 5212 4035 459 8664
6 2135 9128 9874 100 6283 9420
8 1757 7993 2780 266 9037 1369 8300 8125
6 9675 5343 9078 8034 7745 1348
5 5192 9935 8146 646 6930
6 24 9852 3830 292 5009 7794
8 6670 3693 1121 1267 896 9394 7066 9584
8 9626 8458 8573 8536 2180 3513 8631 8428
6 8559 8462 1963 9375 4879 5709
6 157 5487 326 5539 1583 9881
8 3869 1879 1689 3773 7000 3906 3022 3421
7 1528 8021 6352 753 3326 5899 280
7 7141 3651 6756 3319 6270 6716 1338
6 9847 2079 5777 8597 2906 4515
8 7928 6541 1113 3188 6454 907 2543 1012
8 9979 7711 4184 825 1686 5837 8257 1752
7 2917 3170 5120 4003 4245 8984 9284
6 29 2293 6765 3057 7301 2909
7 8675 5491 6742 6969 4605 3896 2040
6 9283 6068 5663 1627 7477 6909
7 541 8302 4421 6498 5043 1257 3765
5 6807 1530 6703 1331 5564
6 5341 9602 1647 1281 9900 2804
6 2912 3024 1550 5853 3247 5534
7 4071 8435 7874 9512 3784 7941 2281
6 8395 4575 4624 2787 396 4163
6 3239 6741 6021 159 691 6746
6 2313 2512 2352 986 4247 4884
6 5027 9012 9815 6814 3062 7915
6 9325 3067 4410 403 8542 3450
8 2061 3409 2026 3426 4705 5650 9928 2885
7 3149 8024 6360 895 8973 5100 2086
6 2429 7975 2690 7922 4497 4677
5 5902 9851 2600 2732 3851
8 9619 2589 400 199 9002 7276 115 5302
7 8731 7117 4686 5766 3102 3099 2467
6 1138 6558 4558 5799 7642 599
7 6961 1030 3717 5228 9177 6659 7712
8 19 7020 6004 9869 4028 7636 2453 5901
7 713 9768 482 951 8421 8990 4853
6 7957 2520 2305 751 7907 8511
8 55 6607 41 1863 267 6989 969 8148
7 8292 1635 9640 3366 8259 8800 4085
7 700 3540 8219 7710 66 3261 7920
5 303 4223 3842 930 5256
5 9523 2681 9450 2665 9226
7 6706 6849 9830 5816 4958 9731 5770
8 6831 8713 8274 3475 2207 1169 458 4921
6 2941 7088 3795 9477 6374 9328
7 6952 5359 502 8795 1365 1443 4907
6 489 4665 4396 3721 380 2958
5 4882 3572 5511 5584 3862
6 84 8629 9286 9429 508 1942
7 3167 4693 9255 5686 8742 120 8401
6 9020 6752 7442 7840 7837 1470
5 3564 5006 2041 8116 193
6 5304 1674 7698 6896 3165 2938
7 5885 6296 4733 208 5352 3119 7207
5 1005 5996 8575 8560 3974
7 4842 9649 8040 7092 607 3949 1008
6 8406 2975 565 3636 3098 147
6 6361 5369 1904 1733 9027 4916
7 7657 8102 9628 498 1245 178 286
6 5406 4910 2934 9923 1455 1584
7 8640 3329 8419 7692 7732 1325 8595
7 394 5890 8588 3036 1762 3746 1476
6 6228 4200 4250 1634 4792 1589
7 8420 7553 5425 511 1509 3759 4282
6 2356 2143 8224 611 4617 7271
5 554 9805 1723 2613 2043
6 2869 9595 3921 7246 2045 4594
6 9581 8699 5892 8324 6476 1271
6 610 4794 1655 6034 1644 3305
7 2278 3384 3544 4139 8523 7479 9482
6 1664 4935 1500 241 9948 9516
7 2986 6455 5282 5756 1845 8653 4491
6 6381 9087 6202 6182 821 6437
7 7318 9944 3066 2577 9410 7576 3146
6 3025 9306 4806 9457 9101 1598
6 6780 5710 172 177 462 7967
6 4637 2711 4016 1152 4105 2107
7 1888 9544 3092 7382 6402 1189 7234
6 9187 530 2250 4607 4477 9729
6 3281 7406 7737 475 8190 7984
6 9216 2538 1997 6538 1109 8638
6 6649 9316 839 3124 9576 2565
7 3055 2748 874 9654 2741 8353 1197
6 9411 271 6128 1797 9809 1330
6 8698 8338 4202 5036 1620 3584
6 7640 5237 7870 92 5702 6885
6 7877 5466 5351 146 6589 4787
7 7293 9090 3910 5779 6648 8094 2846
6 6901 3640 2566 5642 244 4211
8 1515 4877 8566 9549 6615 3364 6188 5040
5 2008 697 2967 8555 1179
7 1560 9320 8440 7690 1294 7812 1790
6 6900 2436 2440 225 2979 7562
6 9698 5554 1240 4171 2095 9911
6 9733 3257 6951 3050 6570 2065
7 3253 3008 8104 6818 4764 5526 2989
6 3442 328 9680 4409 4552 2568
7 3743 7428 8530 3194 3482 7629 3474
6 5381 5205 3915 823 2377 544
6 8329 7230 730 8112 4034 4564
6 1993 9666 6069 2999 3775 8603
6 8962 2006 1640 6638 8938 7045
6 4495 4109 6125 552 8869 9208
8 4090 4208 1218 7226 9981 9858 6331 6806
6 4078 7357 5182 9546 4213 6865
8 4058 8449 150 6398 1215 2119 2292 4689
6 3371 4833 6942 9475 4256 1417
6 1724 8739 9705 4749 4664 1302
6 6412 6794 8637 3663 4195 2875
7 61 3786 830 5135 5701 7769 8801
7 6198 4233 7085 7411 2797 7187 6857
7 6724 1323 9559 9575 9118 9742 9526
6 445 5856 2497 5453 3133 2607
6 5881 419 3807 4645 1391 2622
6 7188 7572 7190 9761 3524 1104
6 2247 8020 9951 9202 9466 3691
6 6656 4112 8079 6927 3839 9438
8 583 9191 6669 6474 9819 3970 4858 9141
5 739 4246 7208 9408 52
6 4098 9412 596 7901 8686 8416
6 8213 608 6026 7162 3785 4397
6 5402 2957 9757 9889 2275 7817
7 7849 7210 1221 9524 9242 7425 1912
5 4056 1527 1222 5082 3946
8 7929 4475 7631 4088 8155 2673 106 9694
5 9166 8521 9610 300 7370
6 4150 1512 3073 4372 2395 3761
7 9140 4984 9806 8059 6101 7808 7691
7 4536 3311 8784 1908 5917 3623 7900
7 5598 1852 718 7434 6719 6013 3874
6 4066 3976 2570 1587 711 7167
7 8587 8548 7248 4291 1968 9566 1392
6 2603 8328 1873 7245 5579 897
6 957 5034 6764 6809 7515 2206
6 219 3891 6186 9033 1220 953
6 1833 5189 483 2776 7873 2
5 9291 3601 4297 2076 1643
6 3580 7320 3816 7548 9263 9077
7 1815 4661 7446 4656 6886 4756 7407
5 6485 4196 6922 2304 9950
6 2424 7465 8368 6407 949 3425
6 375 9246 7172 9712 9846 9992
6 3471 6804 428 572 7282 3621
6 8728 661 1313 9314 6082 2525
7 8736 7329 6012 4658 6272 5045 138
6 5727 2230 3026 6261 546 2921
6 1227 2425 5503 161 9272 7857
7 1883 1625 9485 761 7169 2477 5998
6 658 2455 4587 7041 4270 9106
7 2531 6877 4875 1079 6346 4278 2393
6 6843 2426 8816 5267 8617 8033
7 8932 3989 9030 6220 3435 2652 9844
6 1735 9813 3375 5428 485 8288
5 549 2626 3420 1250 4634
6 3410 9696 6903 6422 7103 4266
6 622 3424 417 2930 7081 5329
6 7956 6786 5957 2333 8101 6156
6 7810 5214 4807 3477 2035 9724
6 3667 1994 3038 2578 3657 8945
5 9406 7648 4585 7043 1692
5 7140 3990 1491 5866 7339
5 5213 8835 4602 8378 9074
6 3168 8203 5303 9265 3531 3509
6 7952 9452 6053 8128 9075 3909
6 297 6307 7685 704 444 8407
6 8484 6206 1518 9832 4031 4456
8 268 9402 4848 7787 4659 7448 1595 2648
5 1784 8832 2799 2924 8871
6 6189 726 8554 8187 4798 8928
7 2327 4194 1843 982 5433 3843 1531
4 1372 4050 1631 7221
5 9405 4164 8772 2105 121
7 7186 1588 5516 7628 8876 6359 130
6 734 5089 2518 4652 374 5792
5 1776 245 1465 3646 5967
6 7455 315 7255 3879 8243 7361
6 7287 6884 3058 3054 4776 9667
6 7064 2904 4115 7494 9068 5356
7 1992 7082 9495 8042 4400 7729 7726
5 8783 5566 2434 118 8136
5 3546 5757 2900 8615 7422
6 7799 5535 7232 4595 9357 1872
6 8630 956 1508 1913 2810 4989
6 6767 4455 1986 5263 4384 281
6 1438 7637 5783 5495 6491 2272
6 1332 8848 7683 2060 2362 4871
7 6502 8346 3966 164 7746 461 5619
7 3457 2422 3354 846 422 9248 3466
6 9901 8277 9795 4541 3648 5163
6 4687 1734 3510 9018 5375 1048
6 5868 7512 5699 1902 6698 2547
5 1637 5025 660 5409 8533
6 7028 8786 2261 7253 1725 4944
7 3697 7677 6392 85 5088 8018 6838
6 2738 9769 3414 8037 3258 2048
7 6633 2335 9890 531 9539 7665 2141
6 3692 902 9164 9617 2388 3859
6 6418 2915 9511 2386 3675 3505
5 1170 4920 9538 1511 9611
6 8489 7638 8681 4593 8645 7120
6 1630 5049 5955 5107 5951 2023
5 5808 5748 1667 6336 4800
5 7435 7602 4318 9127 9073
8 7399 1228 7372 4207 6985 127 8485 4113
8 8342 4867 284 2651 7847 4017 8486 6808
6 5971 6875 290 2696 7315 9912
6 3049 3866 5668 2044 5193 4642
6 6654 720 1175 9276 5033 5101
5 6457 665 1693 9133 8103
6 7612 5636 6705 1523 3981 4667
6 6456 2511 9634 6280 4326 4828
6 9563 9691 989 4007 2753 3499
6 2828 8715 1524 8831 7171 6345
5 6123 4980 2482 1453 3997
6 3197 9627 6196 1256 9641 3070
5 4583 7585 1557 7203 4206
6 8787 5500 3605 8367 2126 5879
6 9670 3129 9105 9064 3290 6067
6 8425 1223 922 9684 4119 7305
6 5948 4630 8989 8671 348 1309
6 1040 8586 409 9171 2355 2766
6 5693 2788 3885 8228 674 1193
5 3276 8309 5422 7805 6800
5 2507 3176 1601 560 2164
7 6329 8434 5234 4481 8747 4441 7894
6 3196 1697 169 5170 2558 8826
7 7864 1955 7867 9842 2320 3465 779
6 1447 9282 1272 3082 8164 862
5 5227 975 6652 2667 3228
6 6160 3029 5240 9681 9222 7949
6 4959 6255 2442 5751 4398 30
5 4414 3263 4544 8062 9823
5 8149 7236 32 7118 4895
5 7709 3541 2927 6163 1259
6 3579 6711 9625 9262 4356 3498
6 3249 2657 2639 2187 6081 3710
5 113 5698 5719 2661 7474
6 7911 1090 8915 3958 3930 8494
6 9820 3875 4986 1746 4328 4566
6 7116 168 4720 2831 9424 8058
7 580 6851 6856 6024 4099 5116 4014
5 1414 4064 4021 9496 215
6 9685 3947 5627 1352 6593 4117
7 2695 8158 8285 6475 7912 8220 9896
7 474 3527 3490 5829 6967 9440 8266
6 6529 9633 3191 6639 6237 890
6 9974 9382 3732 4713 1436 4784
6 1838 8351 8085 1324 6805 3799
6 4379 1100 6739 9165 1211 2513
6 6404 3821 57 8642 1985 5451
5 2641 4225 1910 5803 2829
7 9084 3655 3138 9562 8176 4344 2898
6 6424 9996 3270 1349 1412 6379
5 1984 7927 3370 514 7594
5 8564 9045 9419 1182 2874
5 2296 4511 5477 993 463
6 5161 6168 8133 6357 9570 7822
5 109 1276 9116 3622 5074
5 842 802 8768 4699 2179
6 8840 7846 2537 7256 9159 1716
6 6694 9144 448 9678 6737 7592
5 3333 8382 152 7777 3314
7 8179 6338 3199 9527 4403 7456 7145
6 3245 248 1460 9130 9132 8746
5 1605 8426 3047 4300 4775
5 8509 128 6438 2217 7564
5 567 1200 617 6757 6218
6 6965 1251 5090 1884 2505 4638
7 6269 1024 8978 4154 9872 8981 2972
5 7889 6718 4643 523 1638
5 5818 4285 6871 934 865
6 6199 1804 5187 8937 4969 5123
7 4873 6164 6420 3583 656 7715 9300
6 1773 2605 8991 6601 559 9612