18 6689 2233 2399 3701 7364 5323 8225 2595 4454 359 5482 8643 7593 8454 8313 8279 6978 5900
16 519 6139 1054 9743 8151 9882 9934 2153 8569 6299 5706 6640 8405 9051 4393 8710
17 1066 5387 7243 9710 9645 9370 6488 4701 8442 5611 6500 185 5869 4077 6979 325 8947
17 88 1609 7580 7211 6784 1429 7750 7217 3920 4771 3525 2750 4509 1043 1052 4311 3021
16 7499 4706 5620 9195 4347 1292 5210 1741 9080 7855 5333 6586 2120 6317 2090 4040
18 3817 9046 8198 5602 2919 7010 9980 3316 4382 4036 803 7591 4670 6468 899 9747 4962 6051
18 606 4781 7567 6584 709 1943 7414 612 2501 4902 2389 7333 8634 8834 296 2610 690 4124
16 4618 5060 4376 2059 3451 7508 395 338 2062 4155 2328 1507 9971 7409 9123 2271
18 5424 6159 2198 8868 5156 3215 5452 2910 7502 239 6204 8392 5542 7481 2001 7008 2280 8480
18 677 8271 135 1260 9604 8263 2397 83 9779 3495 7124 8221 5765 5613 9922 3529 8594 5665
16 4742 3918 8370 8236 4696 9837 4843 7939 3777 1183 4822 5588 3604 5922 757 1006
17 5335 5113 6155 6446 7386 5076 6140 255 2139 7598 6847 1807 3192 6390 9637 4553 4243
17 4525 5222 3462 9353 9134 9975 716 9994 4903 2365 8181 8985 4458 1120 4273 1001 3825
17 2920 2774 9469 98 5713 4653 5999 4964 1235 250 4946 8977 5781 3486 9168 9635 5672
18 423 4428 5507 3112 2640 3895 275 9292 4804 6478 5832 9066 5609 7803 5030 8429 8532 710
17 4094 190 9556 8796 4930 7569 3115 2129 5175 9488 3306 6236 8114 7073 7297 906 7049
19 7475 5218 8774 1792 992 2072 509 6713 2175 6130 6738 6180 6267 373 6673 8183 8613 3928 6260
16 8175 3208 5771 4101 91 1937 3295 2189 8567 1196 5035 6796 8352 5798 1732 2724
18 6002 6493 4635 6771 7759 1239 1700 2948 6839 4805 4359 4187 3587 5873 4434 2161 3093 3612
18 6466 1384 3105 8955 4331 659 342 1981 6772 6043 7331 632 7 429 9771 3422 6364 3820
17 5860 4788 2123 3554 8504 5690 9228 2479 5911 149 4102 132 3226 7539 4383 8980 1805
21 6916 7119 2928 7430 6305 5576 2174 2248 4106 37 4567 5448 727 5392 3563 8456 7946 7725 6151 7042 1377
18 5497 6044 6836 2036 8445 649 352 542 5259 5558 7982 4719 9415 522 927 6606 9389 9860
17 2519 5112 1995 7034 6579 3157 6619 8748 260 3577 358 3831 3162 7959 9791 2238 3812
20 7965 8209 2742 4613 8951 1311 4834 2468 7205 9355 1057 7345 9447 1691 8625 9689 7427 7833 5896 1318
16 9888 1978 8574 2077 7216 9701 1681 9554 9327 2895 5940 1556 5242 9383 5865 1929
22 2432 1407 3865 8207 2916 354 9481 8782 4236 3340 3392 786 1477 110 5546 3653 2450 7202 4626 82 9700 5571
19 4839 4214 1860 6003 2181 7916 2515 2867 1539 8524 4430 7738 8744 8899 4413 6368 3356 9940 4725
17 4855 4546 6842 8273 5915 5700 7148 9185 1165 6077 4598 9443 2734 5499 1837 1718 7154
20 4601 3148 7323 2686 645 4503 1248 8550 3123 8360 5963 7439 5194 1540 416 8364 2987 1544 6595 6782
18 9799 9347 3068 2783 5601 3373 1045 4167 1395 2789 9957 2616 1268 1080 9887 3250 9215 3994
18 2465 7229 6450 8791 1738 4498 3573 5529 414 6174 9122 3804 573 1739 3019 3238 5931 669
18 672 8520 8459 1580 6048 1168 6915 8212 283 1743 824 5595 721 6341 4254 8232 6750 1923
18 4008 4494 8323 7876 8118 886 8491 3267 9902 7106 5605 5574 8269 2521 176 4671 3892 1569
17 9679 6924 7086 3114 3418 5014 7865 9498 4188 6289 1687 3440 5283 9439 7163 8396 8503
17 5018 7687 2118 3542 8695 7493 3007 6982 7615 7974 1388 8286 1616 4721 7158 6546 2130
16 6695 6135 965 1729 1232 7197 5473 2213 5271 7932 9423 3348 1419 3417 6271 9484
18 2316 4387 9965 6413 2160 4371 4046 2863 103 1932 6055 3198 9310 9426 9280 2423 4790 3380
17 2735 5393 4673 9657 853 8075 2601 3039 987 5675 6532 4304 5337 7603 5659 1677 2117
19 8310 5717 1651 9487 5069 5724 5861 5301 1861 6682 5575 2494 7910 8853 2534 6285 9189 2133 6016
19 769 568 5572 2642 601 6141 2314 5550 8883 2109 5704 9629 2873 6937 2775 8321 5591 3107 3969
20 273 7180 4502 671 3793 5289 7866 9157 2039 7354 2971 3344 5038 9094 7359 5190 2583 3898 8235 8753
15 6663 3005 655 1106 8737 7532 1774 8169 801 6079 4581 5822 2671 6533 2508
17 5086 166 8093 6956 7445 3561 8544 7743 2197 3897 1187 6084 6954 7888 9793 5937 4047
16 9409 7398 3602 6893 4724 8691 6712 8593 9730 2295 270 5814 7676 371 5918 4338
18 7463 1794 3849 381 2663 2291 516 7341 8415 5640 4745 2350 6315 5772 5246 1812 2185 6919
18 4377 3236 3317 4782 2323 1487 8694 5372 9362 8650 9716 5728 6328 4462 705 2914 7002 9472
19 4307 627 5285 4020 3493 775 5835 7048 6708 4878 3521 5905 6588 1039 6624 410 5311 5494 5697
15 2720 3951 7554 2817 4293 1264 6423 6469 889 8966 5297 7681 8488 9938 7441
18 6277 9473 3585 9738 5838 1859 7389 1317 9879 6008 9835 1717 8041 8408 9432 797 5633 3386
19 5324 7129 8447 1684 7278 294 1820 4440 4979 1901 6215 8592 5081 628 3071 7343 4242 2814 2055
17 5970 8262 119 3993 8860 1297 6223 2325 3072 7995 4118 9279 9200 8216 3405 5848 2664
18 1305 1866 6304 1201 9209 5310 7415 8400 9671 534 8887 2371 1103 4179 7611 8043 1472 6113
18 2571 7156 4703 5656 826 8109 490 4190 261 8495 4917 1089 1070 299 314 8927 2312 6721
21 3444 3294 4648 1830 5678 4786 2675 2842 8916 7021 1357 6490 2236 6918 1661 9502 2458 12 2353 327 6870
17 5235 3596 513 7883 7856 4062 1822 9709 2634 1068 9665 7470 2562 4508 5926 4185 4955
17 8708 4435 206 780 2731 9564 9632 8814 9351 2994 6906 7545 6508 4780 469 5057 2848
16 9514 9137 2992 6119 6587 2054 3436 6556 4517 3412 5397 3876 307 9446 406 6603
16 2576 4170 3938 5291 4227 5995 8261 2563 6027 496 8287 2223 4392 1987 6585 8131
22 3090 3030 200 3666 6523 3802 9963 8316 2011 8872 8741 4032 9333 5217 3668 7033 882 8919 3797 3113 1961 9532
16 222 8979 5541 529 8644 8502 9213 3130 8903 4837 8479 955 220 8211 7459 322
20 4309 1593 2856 5695 629 2220 793 9479 8705 8143 1572 7868 7168 504 9521 2069 3642 7288 7017 9172
18 2559 699 5517 4869 4880 9028 1188 2082 1850 6811 9959 62 1242 3464 1636 4149 6250 1003
17 3555 2714 2539 4404 4485 3532 5219 2137 3399 9616 1578 6934 36 2823 5224 4883 3402
16 6783 4885 2635 2585 1532 8807 5122 4251 9870 8844 4954 4313 3727 1809 8295 1247
18 1097 2324 277 4826 3789 7096 6905 4499 8291 8855 3545 4513 8558 123 5685 9656 471 4319
15 187 5990 4299 1355 5160 3854 5061 6205 1171 7480 1574 4504 1497 980 6494
18 5716 892 6410 9190 4327 9288 2241 2268 6459 500 5119 2953 1708 650 9676 5434 2839 8808
19 5769 7561 6192 950 1263 3155 425 3269 1534 4746 6704 6351 5115 6278 7369 9486 4649 3558 2529
18 4059 696 3403 8856 2771 9458 6103 6926 9237 8969 9239 3706 6551 6275 2689 8320 8519 8054
16 7401 5744 9631 9620 4130 7764 6290 6326 8738 1678 1648 6890 9427 4927 7906 8957
16 5440 817 9947 102 1862 2841 9490 9212 941 2317 1675 2490 8867 9120 1230 1134
17 9003 6658 9254 6216 4888 7770 9001 8993 8068 6162 2226 8859 785 2301 7035 2200 6613
16 7861 7704 6316 4141 1494 3798 7843 6375 2719 974 4053 3479 4545 7039 3172 295
18 6815 3459 7666 4957 2394 5567 1612 5023 3010 1265 9323 3716 9873 2103 5978 242 3063 393
17 1209 2963 3200 3190 1846 1117 5725 2737 2956 1382 5796 344 4529 8942 2165 7424 3286
16 4894 4437 481 3632 8804 715 8134 7326 5778 5741 551 2638 2046 1731 1207 4158
17 8518 7471 2973 5012 46 8956 5519 5464 7914 9683 7175 5438 5015 6770 9014 9317 4156
19 9752 3575 9926 2409 7263 5824 387 151 732 9442 5882 8241 5483 2727 6448 5836 2786 910 1479
16 117 2791 3108 4938 2884 6987 3597 9643 970 2688 3087 1607 49 8602 758 9990
17 7040 7114 8157 3783 2033 7604 1924 6415 537 3961 1996 8771 6867 8223 5413 9577 9721
20 9305 8204 7198 7574 1628 6023 9388 7689 3470 6785 8513 9312 4945 625 2704 5930 3787 9993 4911 6631
20 8477 1489 1564 640 942 1458 8562 5958 1668 8307 2584 5247 9893 1162 7828 9885 4427 302 5474 4479
20 372 1013 95 4555 7761 857 3044 6728 1314 9416 6990 2728 4975 4151 5290 2361 7413 2221 7136 3528
17 9707 9401 1503 2982 7730 7724 4302 5180 3078 3756 2733 2232 3695 2014 4841 1210 6221
18 5445 2536 1010 4137 4914 1745 6882 4111 6861 887 9384 4526 4425 7308 8386 8152 4951 3588
18 6115 8950 5654 3396 8682 6971 2969 2621 1393 2854 1750 162 9907 9794 860 7905 587 8337
17 6263 2942 9297 9345 9655 254 4343 5583 1450 4732 5261 1577 8423 131 9560 2019 6019
17 961 7792 782 6643 2360 7309 6386 6672 6996 7365 743 5109 891 1379 7214 7138 4374
21 9393 477 7249 6984 1496 2551 2290 40 5959 3501 4881 5052 4560 7675 2058 6049 562 3942 3836 8451 3043
22 5299 4586 2166 7319 6058 7686 4615 7933 4990 4449 6684 8067 2756 3242 7500 6464 3131 9293 5867 3762 5436 9736
18 4143 5746 3616 2781 1181 8296 3894 405 8841 1941 3639 3357 8515 4226 3641 4554 9024 3771
18 9976 3160 9871 9035 7829 1504 5630 3416 1291 2590 160 3768 526 7307 1147 5973 424 3158
15 7070 6110 3565 330 7135 7573 678 5552 7072 7254 4627 1903 4522 6931 1558
15 3607 2838 1386 7785 1896 536 433 9877 1696 8084 9931 810 4886 3984 224
17 3549 2357 6425 64 5569 527 771 8264 6471 9235 6661 3822 2005 3523 3080 5446 638
16 1335 6747 2245 7209 2260 4623 9319 5249 3484 591 9115 8467 8685 4203 9753 2163
15 3855 2899 2235 9537 1110 8446 4263 2396 812 621 7981 182 7717 4296 3562
18 3156 2784 69 2997 1062 6344 8952 9150 1130 2294 8930 9108 3800 1279 1619 9499 2940 7533
18 7429 4260 2401 5712 8403 9962 1799 6779 90 7260 6948 5277 38 6183 6693 4079 5046 1813
18 4346 1492 6029 8854 1081 6098 9789 9022 2990 1920 227 4505 5266 9243 2739 2253 1909 7731
16 5934 6662 1869 3840 9972 4714 3772 1756 453 9111 6666 2363 1793 7283 729 5398
19 585 8029 3083 5050 7595 6094 1748 670 6863 7653 7322 6227 5643 6472 4399 7374 3310 54 9281
17 5300 5510 439 6356 6213 5514 7231 936 7018 6612 972 4933 2195 1158 5148 5854 4145
17 9207 3461 5888 8882 9720 3782 2156 2437 4739 1673 4708 5153 7074 9206 4193 431 1418
17 1867 1406 3411 2140 2802 6902 8272 1934 6353 473 3379 8461 7514 4129 5065 5055 136
19 6822 5615 3758 4815 832 2108 9623 4264 126 6846 9930 8002 2705 3189 1600 1495 4540 3514 6766
19 4758 7451 1233 4666 2385 9070 8312 7091 6854 7969 3659 5807 4146 5467 5252 5011 6080 7992 1020
18 3307 7104 9267 9492 3770 7466 6120 6799 3406 1449 1890 3318 5800 4116 9373 9 2864 9638
18 9313 945 6239 6000 8030 6179 8627 3661 8361 6347 3059 6599 8409 6577 5051 5443 4683 9916
17 2949 8557 615 7492 2404 74 833 9361 5004 9510 9344 4215 4589 8130 1095 6258 2658
18 2883 3826 7224 4761 9182 4045 8159 9778 7781 9704 1310 2655 6592 1848 2598 70 2329 2203
14 3103 9052 6749 1441 4866 4086 4259 1964 9825 6992 5797 5942 4424 2770
18 920 5743 3991 506 3818 8970 3673 8268 5143 6608 1373 1124 8600 68 1288 3400 7756 6676
18 3988 8055 8823 5054 1101 1810 3241 3101 8689 2010 6376 2579 413 5162 5964 4284 5003 2897
18 3629 8086 9543 9557 4966 1521 990 8450 5154 8750 7735 2267 9857 8723 9622 3766 7215 9766
18 1543 5875 9104 3615 8191 3901 8901 8383 800 6590 7652 765 1571 2307 8090 9454 8898 3204
18 2020 9274 6710 7668 9234 1069 5026 2159 5220 5805 8972 5677 3037 3899 6421 8943 9061 231
18 8703 2106 4153 2952 2745 5366 7542 4002 3377 7886 8889 7378 8769 4283 6876 2961 8384 3387
18 1315 5358 8766 2464 595 9812 3085 6888 5548 8003 5196 5987 6330 8333 5368 9650 7356 8022
15 1353 4537 6265 1886 175 9859 6451 5308 7327 3383 8781 4726 4729 9711 343
17 1273 8376 7312 3220 3203 6367 8926 3212 4276 9096 4341 5276 8944 664 6973 2968 3346
18 741 8189 5212 4035 459 8664 843 7394 5694 619 8732 1107 7431 1374 2193 3359 447 181
18 2135 9128 9874 100 6283 9420 7647 4489 9348 6636 954 5974 644 4640 108 5688 4142 737
19 1757 7993 2780 266 9037 1369 8300 8125 9015 4978 4218 6126 7240 8794 3954 3627 1514 9396 9849
17 9675 5343 9078 8034 7745 1348 8988 8961 4578 331 6144 8267 6653 3378 2277 6074 3985
15 5192 9935 8146 646 6930 7755 6655 4710 7449 7908 8802 3734 5596 7335 7223
16 24 9852 3830 292 5009 7794 2452 9727 6803 3551 1916 6100 9339 3983 840 3613
18 6670 3693 1121 1267 896 9394 7066 9584 4562 4993 7107 3144 1704 8706 1044 901 4018 7390
19 9626 8458 8573 8536 2180 3513 8631 8428 4033 3331 2093 2493 1205 3175 2094 5707 1141 4332 3427
17 8559 8462 1963 9375 4879 5709 9247 7298 3902 2279 3713 5843 3720 1952 6968 4606 7375
15 157 5487 326 5539 1583 9881 8027 6862 6923 2699 8712 9309 5357 2679 4803
19 3869 1879 1689 3773 7000 3906 3022 3421 3285 2051 6829 50 4889 7895 3998 5871 937 1454 557
17 1528 8021 6352 753 3326 5899 280 924 5183 6758 8496 5418 9942 1825 5388 7289 455
17 7141 3651 6756 3319 6270 6716 1338 4019 1275 547 7238 7875 6723 7349 4926 4267 3857
17 9847 2079 5777 8597 2906 4515 8551 1217 3336 6525 2860 3803 4010 6941 4778 1701 750
19 7928 6541 1113 3188 6454 907 2543 1012 8833 7879 6176 5645 1405 2575 8983 6007 4310 391 9117
21 9979 7711 4184 825 1686 5837 8257 1752 4038 958 914 8347 8498 5759 7244 3662 3995 5331 6569 5666 748
18 2917 3170 5120 4003 4245 8984 9284 2383 122 2700 5655 7674 570 6194 5096 3914 4126 9334
18 29 2293 6765 3057 7301 2909 2960 3266 2834 7571 2387 9500 5788 5469 7530 7303 5988 2926
17 8675 5491 6742 6969 4605 3896 2040 5527 4217 104 2085 925 6760 5251 5077 8185 9304
17 9283 6068 5663 1627 7477 6909 1791 4718 3045 9244 7721 5938 6017 6193 6273 4446 9227
19 541 8302 4421 6498 5043 1257 3765 2218 5032 9651 8810 8668 6646 9529 9007 5204 6302 8265 3880
18 6807 1530 6703 1331 5564 3077 2504 1075 5904 27 7336 6109 532 2013 6314 7391 5230 4691
17 5341 9602 1647 1281 9900 2804 6203 7823 5243 4097 2199 855 3094 3275 5750 749 1055
17 2912 3024 1550 5853 3247 5534 5389 53 8336 1151 8455 9719 6892 8282 2457 7968 5048
17 4071 8435 7874 9512 3784 7941 2281 5042 1516 963 2459 4755 479 746 2211 1254 9326
18 8395 4575 4624 2787 396 4163 6743 1624 7454 3982 2242 8749 8721 9099 4303 8452 4996 8893
17 3239 6741 6021 159 691 6746 2417 8166 5849 7752 3385 5328 4633 9196 5058 7667 2530
19 2313 2512 2352 986 4247 4884 397 4486 171 968 2832 1917 9953 8778 5894 5581 3041 3656 2597
16 5027 9012 9815 6814 3062 7915 3231 8470 5421 1017 7845 5740 3002 3413 2880 5629
16 9325 3067 4410 403 8542 3450 6821 8177 5966 1971 4192 2647 9260 8371 5476 7577
21 2061 3409 2026 3426 4705 5650 9928 2885 3328 9917 7839 1671 6860 5022 1440 363 5207 3923 2656 8083 1064
19 3149 8024 6360 895 8973 5100 2086 6883 9221 3391 735 7590 1091 5515 7938 1383 495 3480 4891
16 2429 7975 2690 7922 4497 4677 7222 8725 3628 5149 9149 1437 7269 1927 5202 5125
18 5902 9851 2600 2732 3851 6925 8140 5233 7619 7299 2029 2188 99 3095 9596 4363 2550 5416
21 9619 2589 400 199 9002 7276 115 5302 9574 4406 6983 9162 5943 7396 4448 9404 6408 8716 2145 6881 4865
18 8731 7117 4686 5766 3102 3099 2467 8960 3262 4845 2646 5339 3186 4484 5121 9661 8654 5661
18 1138 6558 4558 5799 7642 599 9368 3907 6707 9866 2028 2890 5752 8908 9434 3644 1293 7937
17 6961 1030 3717 5228 9177 6659 7712 4472 1266 8992 4501 8052 1608 7083 4905 7985 3586
20 19 7020 6004 9869 4028 7636 2453 5901 9330 6122 1469 3670 4961 4864 201 5932 6621 2138 6242 9552
19 713 9768 482 951 8421 8990 4853 8911 3999 714 184 6827 3888 9715 7204 3481 9169 7311 4103
16 7957 2520 2305 751 7907 8511 8692 3674 4026 7105 4647 6195 900 6070 3792 805
19 55 6607 41 1863 267 6989 969 8148 9722 8590 6777 2254 878 8677 2182 932 2767 7310 3064
18 8292 1635 9640 3366 8259 8800 4085 639 8669 8427 2222 3183 4402 1552 4680 6052 7714 1948
18 700 3540 8219 7710 66 3261 7920 7266 6444 7016 1782 1505 6295 1413 4180 7814 3863 3097
15 303 4223 3842 930 5256 366 8763 420 3815 5775 1185 2262 6635 4049 1887
17 9523 2681 9450 2665 9226 9592 5191 3351 8381 1851 1829 6828 5754 3715 7568 9461 8959
17 6706 6849 9830 5816 4958 9731 5770 8547 8074 8362 2158 8577 9854 58 8404 6257 7705
19 6831 8713 8274 3475 2207 1169 458 4921 7149 17 9886 983 5139 4168 9005 8589 556 3069 1931
16 2941 7088 3795 9477 6374 9328 1834 2644 309 3834 4707 9606 7950 4766 8106 8543
20 6952 5359 502 8795 1365 1443 4907 6391 5292 4620 3567 7921 7550 3309 5127 9699 2131 6993 5790 8147
18 489 4665 4396 3721 380 2958 7806 4789 9780 2545 8812 9437 8066 2080 2946 289 4757 4987
16 4882 3572 5511 5584 3862 5411 8049 1053 4514 9173 5691 555 8174 7219 5876 973
17 84 8629 9286 9429 508 1942 1897 2859 2892 124 6254 7388 6358 9772 4451 1758 9329
19 3167 4693 9255 5686 8742 120 8401 5386 6240 4279 8817 6001 3943 7084 3460 7038 6959 8463 6453
18 9020 6752 7442 7840 7837 1470 9155 3593 4452 335 4999 8751 7469 8141 1641 7649 398 3289
17 3564 5006 2041 8116 193 319 6726 1125 9828 6175 9598 2891 2318 8195 845 418 4157
17 5304 1674 7698 6896 3165 2938 4219 1783 3195 5863 8465 1360 9875 8866 6177 4909 5504
20 5885 6296 4733 208 5352 3119 7207 8051 4654 6970 3052 7551 5468 2101 9399 5791 308 4269 2286 4133
16 1005 5996 8575 8560 3974 2228 232 4521 8280 3217 4943 6872 8205 9467 5047 8301
18 4842 9649 8040 7092 607 3949 1008 3075 7587 22 4674 5427 6797 2962 1278 9025 7426 5563
16 8406 2975 565 3636 3098 147 501 9224 5568 4579 653 1445 2114 3076 8674 8535
17 6361 5369 1904 1733 9027 4916 3299 2443 8697 1351 8651 5641 9692 7818 9290 1788 7898
22 7657 8102 9628 498 1245 178 286 1004 1907 5133 7402 1787 5614 9518 2533 8478 7279 3996 4324 1287 5485 2818
15 5406 4910 2934 9923 1455 1584 4096 7505 7541 7695 2146 1366 2219 635 5415
21 8640 3329 8419 7692 7732 1325 8595 8026 8764 7007 8601 5157 9366 451 7780 4239 265 5839 7268 7954 1258
18 394 5890 8588 3036 1762 3746 1476 8014 9378 8997 4632 8676 6660 7159 988 792 3987 9517
17 6228 4200 4250 1634 4792 1589 6036 5708 5274 5490 9032 7644 8707 4769 7151 8001 4210
17 8420 7553 5425 511 1509 3759 4282 1876 386 5367 9982 5085 9391 2764 1153 4160 1150
16 2356 2143 8224 611 4617 7271 3757 7538 7292 1632 5315 7126 60 5731 2449 465
17 554 9805 1723 2613 2043 7998 6609 7723 9688 4738 9174 1928 5209 3856 3927 795 1646
19 2869 9595 3921 7246 2045 4594 7987 3845 4988 2632 3332 6841 8349 8924 411 7416 2421 6210 9507
17 9581 8699 5892 8324 6476 1271 4330 6187 1827 7012 5488 4574 7540 6534 5545 3730 2691
19 610 4794 1655 6034 1644 3305 9303 2636 7507 5093 3960 8905 9905 6731 4754 421 9669 1573 5723
17 2278 3384 3544 4139 8523 7479 9482 4690 5600 859 195 3956 7526 1133 9984 2098 1019
19 1664 4935 1500 241 9948 9516 3127 543 6774 2274 4165 3365 4974 885 7054 8501 1585 6492 9430
21 2986 6455 5282 5756 1845 8653 4491 9089 202 282 3152 9350 6086 7089 569 1238 5618 1129 9909 1327 4339
17 6381 9087 6202 6182 821 6437 3339 7321 2256 2149 5916 2707 1549 8369 8 5215 5543
18 7318 9944 3066 2577 9410 7576 3146 5105 1960 5587 4681 1596 8005 8611 4199 7885 8372 7161
15 3025 9306 4806 9457 9101 1598 6866 5472 841 3823 2369 1336 7489 7824 764
15 6780 5710 172 177 462 7967 1029 6504 94 8305 7776 2624 637 5592 9374
18 4637 2711 4016 1152 4105 2107 2264 9767 8129 6539 2485 6651 8472 452 5745 7834 811 5549
19 1888 9544 3092 7382 6402 1189 7234 3556 728 4369 2373 9618 2672 2574 197 598 6294 2410 9211
17 9187 530 2250 4607 4477 9729 2309 5262 7063 2674 6781 8765 5521 1877 2287 6991 9476
20 3281 7406 7737 475 8190 7984 1710 6571 3174 8250 125 7786 903 4480 1127 9178 6573 8865 763 7241
15 9216 2538 1997 6538 1109 8638 5523 2955 4740 7022 3814 6844 2888 4057 9131
17 6649 9316 839 3124 9576 2565 8214 4055 4459 9079 7848 6370 960 3872 4918 9311 226
17 3055 2748 874 9654 2741 8353 1197 9441 3645 2231 6149 2403 9343 4408 1301 8008 8879
16 9411 271 6128 1797 9809 1330 9884 256 2358 7377 3376 44 6097 2833 8939 142
17 8698 8338 4202 5036 1620 3584 4711 6505 3511 525 9762 7858 1742 2878 8608 3781 7766
17 7640 5237 7870 92 5702 6885 4044 1136 875 7060 2427 5673 2435 2976 8053 472 3322
18 7877 5466 5351 146 6589 4787 3271 8974 1065 3437 4222 2932 6440 1728 5544 5855 3042 6010
18 7293 9090 3910 5779 6648 8094 2846 6138 6574 877 1711 8604 3243 7544 783 8607 5547 3533
17 6901 3640 2566 5642 244 4211 4125 4290 186 3234 2555 4110 7963 140 4315 9198 7111
20 1515 4877 8566 9549 6615 3364 6188 5040 8289 9706 6137 3553 4023 8570 5056 5264 3035 1195 8552 5953
17 2008 697 2967 8555 1179 8799 3753 4443 4265 1011 3452 2484 3456 9759 8861 9555 8178
18 1560 9320 8440 7690 1294 7812 1790 9167 3053 5992 6528 6837 3937 8894 3922 4445 6096 6997
19 6900 2436 2440 225 2979 7562 7384 2345 4549 333 9188 3769 3048 3084 9465 9891 6955 3012 3631
17 9698 5554 1240 4171 2095 9911 9114 1072 467 4765 8754 8036 6107 662 3448 3719 5960
17 9733 3257 6951 3050 6570 2065 8688 2024 731 2348 6667 4081 4422 7617 9797 3724 1939
18 3253 3008 8104 6818 4764 5526 2989 4734 67 8976 9269 1444 760 2255 2625 3931 2862 3408
16 3442 328 9680 4409 4552 2568 3443 1796 9506 114 7199 3683 6950 7722 4506 8350
16 3743 7428 8530 3194 3482 7629 3474 1031 3244 2047 9332 8132 6153 8964 9241 8847
16 5381 5205 3915 823 2377 544 7566 7024 6332 2150 9342 6040 3950 5395 3858 2273
17 8329 7230 730 8112 4034 4564 484 9136 5862 521 2215 9088 9145 7087 7863 6433 5390
17 1993 9666 6069 2999 3775 8603 6519 279 3489 139 1329 7495 2472 3978 1581 5939 8921
17 8962 2006 1640 6638 8938 7045 1466 5565 6798 9395 8318 5403 6022 1801 2113 8941 1156
16 4495 4109 6125 552 8869 9208 1420 4919 5360 8045 9551 7625 1760 6998 7001 9796
19 4090 4208 1218 7226 9981 9858 6331 6806 7791 7552 5313 2965 356 9041 3100 7484 4257 1892 5538
17 4078 7357 5182 9546 4213 6865 4893 3449 7286 4039 4783 2446 1128 9266 6981 8098 1378
20 4058 8449 150 6398 1215 2119 2292 4689 8366 4323 2721 738 7728 8417 87 8145 3652 3965 7943 3975
20 3371 4833 6942 9475 4256 1417 3967 7645 1050 3660 5349 9591 8660 6957 75 9340 4061 1526 4568 7057
18 1724 8739 9705 4749 4664 1302 5462 2229 663 3878 3801 2918 2517 2692 5625 6943 8087 7496
18 6412 6794 8637 3663 4195 2875 9968 575 1277 7417 9867 1361 9034 2723 3626 2157 2492 9354
15 61 3786 830 5135 5701 7769 8801 4543 3912 520 5726 7509 7358 9937 4268
20 6198 4233 7085 7411 2797 7187 6857 912 5981 9337 6006 2186 8135 7264 5965 6372 9223 4197 1599 6650
20 6724 1323 9559 9575 9118 9742 9526 5353 9508 1753 9318 577 888 3096 5145 2266 913 5647 8078 8377
15 445 5856 2497 5453 3133 2607 3251 6030 2282 8012 7694 1482 2843 7123 9536
16 5881 419 3807 4645 1391 2622 8775 6308 5522 5200 426 2743 6411 8168 818 2813
17 7188 7572 7190 9761 3524 1104 8963 1471 999 1824 2038 5528 7348 2628 9210 6073 5244
18 2247 8020 9951 9202 9466 3691 4669 9043 6940 1463 9522 3455 7871 630 791 4785 1951 1350
19 6656 4112 8079 6927 3839 9438 2390 434 7098 6620 1236 7258 5492 3955 3488 8572 1085 1093 7641
20 583 9191 6669 6474 9819 3970 4858 9141 6751 3 7860 5420 668 6166 5925 4702 401 7751 5432 9970
16 739 4246 7208 9408 52 4821 1145 8283 868 6388 5286 7300 5269 316 8884 3617
18 4098 9412 596 7901 8686 8416 8918 8540 9113 4870 6337 2081 8388 1161 2249 6373 9095 1547
18 8213 608 6026 7162 3785 4397 1203 7440 2190 1965 9201 9126 8880 3106 5414 5760 5773 626
18 5402 2957 9757 9889 2275 7817 4685 806 8863 1224 1237 8733 9008 6701 8717 16 5280 8740
19 7849 7210 1221 9524 9242 7425 1912 2366 1345 1597 4388 4262 8912 2588 2643 7669 443 7589 7404
15 4056 1527 1222 5082 3946 8186 4533 1832 7099 827 8639 2725 3871 6266 9294
16 7929 4475 7631 4088 8155 2673 106 9694 9023 385 9853 6310 3423 4861 3335 8582
15 9166 8521 9610 300 7370 6642 6234 370 1650 3933 5454 3886 1683 2456 2441
16 4150 1512 3073 4372 2395 3761 4457 7177 2687 7306 4178 9777 4616 3349 759 707
20 9140 4984 9806 8059 6101 7808 7691 1198 8105 5767 1649 9335 4849 6071 4860 2194 4354 4416 566 1976
19 4536 3311 8784 1908 5917 3623 7900 9800 7701 6714 7302 6671 7029 2807 5935 7052 8308 6559 8556
18 5598 1852 718 7434 6719 6013 3874 9298 3065 4237 6565 5007 681 3678 5972 8797 1826 8527
17 4066 3976 2570 1587 711 7167 4394 8646 6542 1974 3361 5319 2853 6334 5362 4904 675
21 8587 8548 7248 4291 1968 9566 1392 4378 1946 7944 2662 2978 1155 4306 7487 8124 9814 5833 3630 9220 998
17 2603 8328 1873 7245 5579 897 8649 4093 7137 2552 4817 5199 8497 246 2554 1653 976
19 957 5034 6764 6809 7515 2206 689 238 7734 4565 1856 3658 7324 1398 2886 5845 8275 6958 8365
16 219 3891 6186 9033 1220 953 9816 449 4831 8584 3497 7827 6136 2224 5408 1212
15 1833 5189 483 2776 7873 2 9955 6776 7155 4923 9217 3274 8877 9545 5063
18 9291 3601 4297 2076 1643 3606 7132 2340 3908 9400 1249 8358 597 4994 8299 1380 3407 7527
18 3580 7320 3816 7548 9263 9077 4892 8193 8811 5002 3000 1032 4814 2604 2830 5946 5318 8641
18 1815 4661 7446 4656 6886 4756 7407 2034 4067 7543 4650 9892 3649 2372 7251 9876 2227 9668
16 6485 4196 6922 2304 9950 6963 3550 7076 7925 9315 725 5577 1166 3522 4 2334
18 2424 7465 8368 6407 949 3425 5692 6816 6604 5524 7973 2772 4963 8514 5806 6246 8226 5361
18 375 9246 7172 9712 9846 9992 5155 6231 6908 8500 1163 158 8846 7170 4375 3819 3665 2276
20 3471 6804 428 572 7282 3621 4353 6106 4651 5872 1629 6286 5594 4527 9525 3303 2378 3780 4759 8453
17 8728 661 1313 9314 6082 2525 1389 7220 5986 8197 8196 9107 4287 5617 8647 6093 8874
17 8736 7329 6012 4658 6272 5045 138 163 692 6339 5681 5906 192 236 491 1191 4013
17 5727 2230 3026 6261 546 2921 1767 9183 1502 7852 9308 4095 9568 8165 9277 2540 5159
18 1227 2425 5503 161 9272 7857 2205 4997 4801 8050 2257 9063 1274 3837 4700 5342 2354 4563
20 1883 1625 9485 761 7169 2477 5998 929 1337 5512 9725 1375 9958 5231 8655 4298 1234 6664 7290 2544
17 658 2455 4587 7041 4270 9106 1800 2535 7353 1370 9531 7774 8046 1698 4189 7133 6467
18 2531 6877 4875 1079 6346 4278 2393 9219 9139 4597 2522 9017 4253 7821 4610 6555 7565 6288
18 6843 2426 8816 5267 8617 8033 9734 11 8616 3939 7893 9093 6732 6354 1202 3447 1841 4577
19 8932 3989 9030 6220 3435 2652 9844 355 6696 3150 9193 4847 9414 7055 4463 9775 2847 1905 9573
17 1735 9813 3375 5428 485 8288 399 512 4631 4389 9695 9728 3744 5429 7880 3860 6976
15 549 2626 3420 1250 4634 402 6047 7582 8896 848 2779 7696 9296 7537 2208
17 3410 9696 6903 6422 7103 4266 7547 7549 4289 2419 3142 2666 8144 3140 9749 1306 1343
15 622 3424 417 2930 7081 5329 683 1953 5456 6791 8499 4743 2564 1972 8171
17 7956 6786 5957 2333 8101 6156 9268 4487 1116 7605 7656 7473 9808 1990 6944 263 9677
17 7810 5214 4807 3477 2035 9724 3574 2861 2560 1621 7185 8714 1173 436 1488 7011 4292
16 3667 1994 3038 2578 3657 8945 1980 5385 3707 6637 4342 2168 5399 8091 3218 8217
17 9406 7648 4585 7043 1692 7525 6167 3979 9425 917 3581 345 4928 1680 6145 2289 7228
15 7140 3990 1491 5866 7339 1603 9264 3009 1727 6091 9932 8818 6702 4731 4348
15 5213 8835 4602 8378 9074 5305 9941 7313 2030 6632 9036 5410 667 4350 5586
17 3168 8203 5303 9265 3531 3509 754 5102 1982 9009 1401 9365 5671 755 7983 6088 20
17 7952 9452 6053 8128 9075 3909 1255 5804 517 3397 5165 2800 6428 5423 3369 6789 2586
18 297 6307 7685 704 444 8407 3372 5670 4590 4512 7371 8443 6092 2339 602 9494 8137 3125
15 8484 6206 1518 9832 4031 4456 7237 9086 814 3725 468 4908 9781 7772 9119
21 268 9402 4848 7787 4659 7448 1595 2648 6181 3139 1989 2367 2027 6852 3350 7304 7027 1295 679 9834 6445
14 1784 8832 2799 2924 8871 3977 3568 9786 8852 7067 1184 2170 944 3664
19 6189 726 8554 8187 4798 8928 6366 6778 851 6510 4655 4747 6487 3268 8142 7748 5551 4542 3883
17 2327 4194 1843 982 5433 3843 1531 133 1714 6754 2012 2471 603 480 7395 1084 2659
17 1372 4050 1631 7221 7620 2959 3962 7966 5739 7003 3187 9624 6933 2594 9782 5130 9336
16 9405 4164 8772 2105 121 4550 2319 997 6697 2102 8474 4488 6496 4531 8424 6191
19 7186 1588 5516 7628 8876 6359 130 4357 4591 4777 253 4524 2778 466 3254 2259 9369 1137 2755
16 734 5089 2518 4652 374 5792 4248 8025 7583 6400 5826 981 4132 2985 8735 5944
17 1776 245 1465 3646 5967 4114 3201 3763 8015 9565 7095 2066 2391 6045 1694 3526 8789
18 7455 315 7255 3879 8243 7361 3610 3847 2947 7616 3881 7328 5784 8180 390 3015 5455 616
17 7287 6884 3058 3054 4776 9667 5039 9758 6396 9969 7887 4737 3240 5407 3677 79 4186
18 7064 2904 4115 7494 9068 5356 5907 2341 5364 8779 8234 347 5203 7257 7664 3223 9717 5857
15 1992 7082 9495 8042 4400 7729 7726 5073 7531 8252 9059 1404 2252 5150 6507
15 8783 5566 2434 118 8136 5172 2996 5585 1099 3882 8579 2905 8541 4490 3618
16 3546 5757 2900 8615 7422 1123 4660 4982 703 5936 6835 8756 3576 7702 7586 4592
18 7799 5535 7232 4595 9357 1872 1911 3893 9331 7273 1618 2489 8255 5555 4418 1966 13 1139
19 8630 956 1508 1913 2810 4989 2901 7796 5083 9250 2116 6628 7030 4466 3595 7606 7831 7996 6479
19 6767 4455 1986 5263 4384 281 6292 72 3237 1611 2752 287 5884 9197 3941 1452 2683 9214 2908
17 1438 7637 5783 5495 6491 2272 2400 9358 7798 9967 9060 7584 7332 5037 2925 7281 8375
15 1332 8848 7683 2060 2362 4871 9983 6083 1857 3582 781 8460 3287 1898 2618
19 6502 8346 3966 164 7746 461 5619 9240 2837 6763 9597 6691 5078 1172 1617 5460 7100 2820 2609
17 3457 2422 3354 846 422 9248 3466 2089 4009 77 7832 6497 9125 3932 1403 3518 3032
16 9901 8277 9795 4541 3648 5163 4688 8539 3401 3164 3177 7660 8648 5831 8770 1858
18 4687 1734 3510 9018 5375 1048 6641 7262 2532 7046 9674 8907 2569 3040 5459 6869 4741 3458
18 5868 7512 5699 1902 6698 2547 1592 1720 1926 1885 1906 7212 1157 5075 1726 2258 6460 3929
17 1637 5025 660 5409 8533 8760 4890 3233 8680 2351 6524 4386 9713 8238 2321 1522 5225
18 7028 8786 2261 7253 1725 4944 4981 9006 4460 5984 7578 1622 5206 4474 1214 9792 3543 3279
18 3697 7677 6392 85 5088 8018 6838 5278 5651 8076 3382 2331 2826 7261 7044 5623 8612 8839
15 2738 9769 3414 8037 3258 2048 2945 5956 4360 96 7596 8635 9013 2606 5720
17 6633 2335 9890 531 9539 7665 2141 9407 1448 154 2183 2022 5142 5657 8089 4277 939
19 3692 902 9164 9617 2388 3859 9838 7819 8673 8476 2871 3726 3711 8172 3248 4728 790 392 5536
16 6418 2915 9511 2386 3675 3505 2375 6105 7646 4234 1434 1798 8100 341 2073 8057
15 1170 4920 9538 1511 9611 6211 274 2414 9218 9261 642 966 7618 4897 2845
16 8489 7638 8681 4593 8645 7120 3925 3841 8438 7160 9285 8537 3415 7977 5449 6185
18 1630 5049 5955 5107 5951 2023 5442 4970 7179 2685 2542 9161 5144 4288 5667 6775 2322 7673
18 5808 5748 1667 6336 4800 6443 4682 3473 5729 8039 4827 2761 334 7412 4108 4295 3535 8122
17 7435 7602 4318 9127 9073 3924 2631 3428 3832 5852 3806 337 2475 8393 349 8482 5029
22 7399 1228 7372 4207 6985 127 8485 4113 6161 8687 5537 1999 3283 9593 8017 2469 5924 4183 111 234 3255 9977
19 8342 4867 284 2651 7847 4017 8486 6808 6921 2506 701 1672 4336 9352 3944 5354 1938 2623 9776
16 5971 6875 290 2696 7315 9912 3308 6810 9428 676 1950 7144 3698 3520 8327 4662
17 3049 3866 5668 2044 5193 4642 2151 278 8873 7958 2239 3884 4131 6209 8790 3687 8120
18 6654 720 1175 9276 5033 5101 65 6552 9630 7419 745 7443 5321 7970 8683 5044 1823 3120
15 6457 665 1693 9133 8103 357 6025 1945 7128 5755 6489 593 2821 5458 1086
16 7612 5636 6705 1523 3981 4667 7004 6268 4619 4816 3132 4676 1467 9850 1082 4401
18 6456 2511 9634 6280 4326 4828 7366 5208 9142 4663 1164 5111 6095 9841 221 5817 8123 994
16 9563 9691 989 4007 2753 3499 7935 4535 6219 858 4609 4391 7964 3600 8322 5682
15 2828 8715 1524 8831 7171 6345 6939 3446 2903 4201 4037 5131 7026 3110 4042
16 6123 4980 2482 1453 3997 4856 304 3873 7961 1063 834 7597 5363 5718 59 6350
16 3197 9627 6196 1256 9641 3070 2633 7807 682 5270 5275 971 4083 56 796 5841
15 4583 7585 1557 7203 4206 1639 9785 1468 5068 5947 4596 2798 8910 8690 1304
19 8787 5500 3605 8367 2126 5879 808 3846 4692 7418 7032 3355 407 5129 673 9010 4641 9558 2964
17 9670 3129 9105 9064 3290 6067 5878 1967 1761 5921 7360 8315 1881 9690 5923 5714 1410
18 8425 1223 922 9684 4119 7305 4075 8242 3404 2757 2701 9356 7559 7247 7350 430 7758 7472
17 5948 4630 8989 8671 348 1309 365 6730 1154 3483 4334 3467 9590 4041 3945 3712 5606
17 1040 8586 409 9171 2355 2766 6920 4407 5128 2097 9603 6826 8222 8487 9431 794 8126
18 5693 2788 3885 8228 674 1193 2104 2078 8656 8439 5336 2650 9098 4760 6057 9387 5508 6087
16 3276 8309 5422 7805 6800 1402 8920 4960 1730 7841 861 8777 7979 383 6148 8210
18 2507 3176 1601 560 2164 6253 3282 9571 2611 4571 2868 3109 8755 4859 1658 5787 8044 7192
18 6329 8434 5234 4481 8747 4441 7894 8510 9774 6447 7272 3342 1244 7980 7739 4305 9811 336
16 3196 1697 169 5170 2558 8826 9085 1567 2988 2824 3302 6700 8858 752 3609 3347
18 7864 1955 7867 9842 2320 3465 779 7077 2950 9181 5696 8436 5774 1575 4795 869 1290 7825
17 1447 9282 1272 3082 8164 862 4453 6171 3016 1566 8583 503 1483 5560 7869 6461 1261
18 5227 975 6652 2667 3228 3963 1988 9302 1493 8829 5288 5114 4797 3260 7184 8580 2243 7917
17 6160 3029 5240 9681 9222 7949 695 3913 2943 3517 3301 2067 915 2148 4697 5179 5825
17 4959 6255 2442 5751 4398 30 2402 8545 2398 6675 2303 574 8256 4813 5874 5265 9004
15 4414 3263 4544 8062 9823 740 863 9863 9204 1036 460 7826 5735 7896 7783
18 8149 7236 32 7118 4895 7654 9987 909 4770 2785 7897 1498 5927 7338 5846 648 5312 7795
16 7709 3541 2927 6163 1259 893 6406 3011 8317 6395 4922 9898 2488 8138 778 3313
16 3579 6711 9625 9262 4356 3498 4518 4429 4684 3151 9662 9203 3013 3184 6853 1038
17 3249 2657 2639 2187 6081 3710 618 733 3916 9802 7765 6419 2503 7953 7801 2408 207
15 113 5698 5719 2661 7474 8444 8621 5195 8528 7670 1122 8626 1425 7131 9906
17 7911 1090 8915 3958 3930 8494 2808 809 7976 1451 6233 3033 8696 361 3485 8260 3569
16 9820 3875 4986 1746 4328 4566 2713 7570 9091 8531 9016 2083 9390 2002 9818 8517
17 7116 168 4720 2831 9424 8058 3394 1501 6897 8813 8776 6709 7421 2349 9371 5616 1226
19 580 6851 6856 6024 4099 5116 4014 1368 4582 7405 6429 2974 8734 9413 1506 4791 1148 5599 2169
14 1414 4064 4021 9496 215 8591 9163 4478 3153 4229 6401 9646 6458 8154
16 9685 3947 5627 1352 6593 4117 5041 9988 9470 7400 6623 9491 145 1312 3500 2865
18 2695 8158 8285 6475 7912 8220 9896 5768 4851 7708 1828 6878 2801 4519 8507 6318 3264 1510
20 474 3527 3490 5829 6967 9440 8266 9000 724 5929 4874 3214 2617 6668 7491 8096 3224 7719 3559 8345
16 6529 9633 3191 6639 6237 890 7006 4473 6975 5525 8709 5013 7485 9703 7166 6748
17 9974 9382 3732 4713 1436 4784 9433 6436 1719 478 2553 7639 6011 9773 7991 3838 9176
17 1838 8351 8085 1324 6805 3799 3182 9480 8013 7201 3089 2347 4161 540 1865 9129 4120
16 4379 1100 6739 9165 1211 2513 112 1340 3353 4370 5680 571 1662 9936 1602 5024
19 6404 3821 57 8642 1985 5451 7178 518 4368 8390 1485 8399 5177 747 2929 2064 9154 4695 2993
16 2641 4225 1910 5803 2829 6722 6858 8060 2336 4271 7955 5928 1149 1576 5493 6768
19 9084 3655 3138 9562 8176 4344 2898 3754 6833 6442 7853 5607 5355 1083 6964 9746 5439 8385 5273
17 6424 9996 3270 1349 1412 6379 1656 866 4547 6483 7838 340 5028 8092 5095 1958 3589
16 1984 7927 3370 514 7594 7462 4912 5419 2708 9995 8208 2870 829 8897 9056 6111
15 8564 9045 9419 1182 2874 3948 276 6033 3684 9468 9271 3003 7112 7881 3284
17 2296 4511 5477 993 463 9783 545 9148 2816 6549 2087 3171 2460 8636 2152 321 3723
16 5161 6168 8133 6357 9570 7822 3672 4809 3747 7486 5795 6383 4896 3671 1570 5253
16 109 1276 9116 3622 5074 7624 5880 3808 2084 3538 4216 8684 2855 9589 1962 7058
15 842 802 8768 4699 2179 3463 5309 2980 8117 5079 5447 8925 8311 9745 9673
16 8840 7846 2537 7256 9159 1716 777 6864 4312 3352 2420 838 4444 8398 3126 144
17 6694 9144 448 9678 6737 7592 15 5715 2068 9605 404 1517 3745 3971 4983 1446 6439
16 3333 8382 152 7777 3314 4104 6629 6061 7797 7294 237 9417 623 6715 170 4968
20 8179 6338 3199 9527 4403 7456 7145 1461 1387 6414 5786 6385 2496 1174 6812 7317 7079 5239 3185 9915
16 3245 248 1460 9130 9132 8746 1771 6486 7608 5110 5989 7740 5435 7183 9259 8850
17 1605 8426 3047 4300 4775 5188 9110 214 4621 1167 6050 7225 51 2210 8363 6626 8069
17 8509 128 6438 2217 7564 1840 1870 4694 2712 6568 6553 7213 1665 4556 2730 5753 5631
15 567 1200 617 6757 6218 2526 6522 6734 9572 2803 228 6598 86 1115 6417
18 6965 1251 5090 1884 2505 4638 8827 1328 5104 4464 9233 1548 7851 9069 9956 4723 7718 4091
17 6269 1024 8978 4154 9872 8981 2972 586 3141 7820 9386 6690 6394 6986 4308 9614 590
17 7889 6718 4643 523 1638 3121 7529 5722 4076 7517 4576 3934 4294 3128 4611 8163 8414
15 5818 4285 6871 934 865 2438 5216 213 63 2201 1076 7423 6685 2794 4750
17 6199 1804 5187 8937 4969 5123 2614 8628 7385 5789 9855 931 2746 1669 9067 9918 9448
18 4873 6164 6420 3583 656 7715 9300 6605 6733 1740 7890 8457 4534 6343 8724 6434 1868 9960
17 1773 2605 8991 6601 559 9612 2374 4628 4316 7447 1270 9455 7181 204 107 1614 9097