7 6599 2163 4060 276 4311 4009 62
7 45 8346 1364 5942 6983 9790 7016
7 8033 3562 3856 5476 6459 9428 7185
7 6440 6956 8983 5345 7699 8439 1236
7 6428 9594 4166 9522 4966 2395 8293
7 9475 9960 7787 4870 5696 2144 5744
7 2603 7229 4797 6046 6620 338 9825
7 156 4049 6687 7929 7890 3380 4495
7 9738 3240 3878 8356 3866 571 7408
7 4467 395 9820 5156 6748 1907 7842
7 2822 8502 1691 6754 7026 593 2295
7 3039 6227 6214 9646 2756 1715 791
7 8103 2830 1247 6463 1863 2664 5610
7 2584 3265 811 3333 5566 8693 4553
7 7318 3611 4543 9506 2396 629 3703
7 5876 3581 5041 8027 9219 5724 9242
7 2995 5030 726 5472 3268 9115 7865
7 2150 7735 2793 6819 2526 5713 4903
7 1179 7132 7235 9685 2755 9974 5693
7 9822 2156 4794 665 9286 7769 5714
7 719 5370 7918 26 2145 7147 8991
7 9191 5524 7984 5965 4151 1380 7637
7 1434 7313 5149 1014 1756 5020 6731
7 2446 1817 1348 7042 4046 837 1994
7 7138 5645 9117 5794 3396 5251 5706
7 2635 3756 314 8503 6756 7482 1093
7 187 5354 5503 2512 9073 4123 813
7 1959 8299 7793 2693 6407 2212 8594
7 8141 5703 9913 1066 3582 1985 4788
7 6056 7609 5967 2205 1964 873 5901
7 2734 1938 8654 2524 3524 1025 3847
7 9058 2091 3833 5545 2614 1016 6027
7 6198 2414 9460 144 6150 4976 1042
7 3016 4260 1437 1205 5207 4250 4627
7 333 5673 8432 1818 1560 4165 5671
7 9670 3075 9868 502 3126 1239 220
7 6261 4830 3991 61 7084 375 3346
7 2921 8184 5771 7335 8540 4573 1095
7 2870 1833 4701 6416 9884 2049 5166
7 9151 9858 8177 6623 1745 3266 2359
7 4891 2182 4766 6970 1422 1462 81
7 8598 2563 5952 6482 3518 8697 2058
7 5260 8085 4057 6635 7323 6718 8711
7 327 8607 6610 1036 1442 3164 2057
7 9145 2381 5532 4803 3612 1795 3443
7 3183 625 7708 563 3762 8714 4096
7 681 2191 9791 3385 5263 8277 343
7 2223 6791 3765 3519 2293 9980 7086
7 2368 3832 2332 9797 4442 7845 8462
7 9392 8579 3503 5675 1175 4018 7607
7 3636 9328 9257 5462 4415 6504 167
7 835 1660 328 1779 4034 678 7572
7 9832 5325 2241 3618 9636 4227 9537
7 6096 482 7395 9236 3373 5416 740
7 3660 3968 3361 8919 6973 6278 5368
7 7849 4107 9942 9940 3295 721 1677
7 9053 1764 4338 487 5855 4391 4942
7 3440 929 5941 4769 8327 4933 4278
7 2717 1568 7448 4067 7109 8549 8368
7 6430 8404 182 928 3953 2147 6049
7 2234 8039 3693 7120 3844 5066 9856
7 4523 2648 5595 8118 1325 309 5796
7 3187 1599 1365 5237 9806 2201 4093
7 1566 7642 1734 747 5612 4697 7087
7 3448 8546 6879 3679 5116 3036 8281
7 2849 377 8386 5537 7279 2746 6779
7 5371 3877 9992 1139 906 304 555
7 6130 2711 4754 1148 3259 9322 8257
7 9106 9054 9336 6935 1024 215 1055
7 5266 8267 4568 9699 7985 1264 7022
7 5959 2996 2785 2482 8872 4286 6618
7 6570 1824 8125 1860 6374 7790 489
7 6933 9194 7031 5185 2195 7144 8726
7 5455 6021 6796 3324 9612 1631 1138
7 9351 1204 9166 6928 3811 9761 2468
7 2922 6190 6578 7581 2506 2352 5682
7 3353 7382 2335 2715 2048 5082 35
7 5835 2517 1196 1909 1421 294 2258
7 9581 3104 553 3921 8699 8701 6566
7 4172 5147 6729 2933 9129 6556 4302
7 8725 9445 6200 5377 9735 3680 5499
7 3190 5801 6461 6655 432 6348 9302
7 7678 3384 1040 9251 6102 3757 6500
7 1134 5262 5846 8586 9416 3716 8526
7 586 3198 4632 7636 7742 7723 7406
7 7320 5955 8678 3316 8906 9907 4730
7 8450 9360 5583 5031 9669 9096 4309
7 691 9246 9366 4214 1124 1562 1373
7 2038 6982 2890 1862 4715 3411 2429
7 3831 957 1956 4458 2767 5949 792
7 8854 94 3128 4239 4455 7249 4183
7 9180 4501 9591 6003 5333 6421 4076
7 7418 8669 5889 40 1049 8884 2346
7 6885 750 548 7922 1059 5860 6304
7 5482 7205 554 5669 7295 1659 610
7 1999 3860 2330 9732 9384 8765 7149
7 2758 4581 7015 6864 3410 3283 1282
7 9159 7794 5984 4318 9817 2768 6816
7 6042 280 5245 6699 6910 6767 5867
7 5254 1788 5334 8625 9120 2166 1300
7 3117 6257 7569 6250 2860 4005 1131
7 7833 8545 8434 479 8261 7180 6710
7 7426 1377 9584 7698 7442 2036 5478
7 6340 3720 5136 736 4400 3671 5683
7 8544 1573 9441 8566 9836 6520 970
7 2851 6557 5475 874 9273 4248 5058
7 2098 5837 5492 1407 60 979 704
7 2772 3288 3937 5115 422 1515 132
7 5588 2698 9037 7982 9382 7485 3783
7 7136 7047 5324 9933 8613 2339 8957
7 2440 3209 9695 2263 4607 2137 3949
7 306 1752 4951 5134 5298 5868 682
7 8172 4949 8543 5129 1597 6876 8865
7 3491 3076 5197 7552 1080 5313 971
7 3883 7855 5528 7752 3150 785 8417
7 6781 688 4765 6258 5826 919 9504
7 389 5233 8927 9755 1398 9629 8634
7 1717 4980 8710 2876 6275 5945 899
7 8858 474 4259 1590 3954 2126 4514
7 1826 4671 8170 9459 6790 3733 393
7 1785 5326 9104 3698 9123 1257 8754
7 4611 9440 8971 7219 291 1961 2840
7 9413 9764 8492 8875 1197 4175 9329
7 1141 6543 1842 2916 7579 2701 4948
7 7851 4494 1339 7384 2186 605 6622
7 9049 9446 3772 5153 6445 2358 2154
7 6507 9740 1746 4650 9621 7957 5052
7 820 7613 1768 7458 1505 9625 147
7 8220 2765 6265 6231 8833 5051 5348
7 2805 7186 3681 2399 4777 684 8375
7 5604 8246 3911 4937 4926 8910 9909
7 1769 9443 4122 2012 2479 3292 2710
7 3875 4574 3258 3659 7543 4636 8176
7 7277 4634 3972 3987 1554 4408 2106
7 4967 4759 5973 5112 676 4192 5351
7 4114 7781 687 2 2578 9258 1229
7 102 3704 5069 6402 3 2401 9540
7 5919 3827 8870 5881 8063 6255 3667
7 6613 2713 8740 3149 8053 4587 1674
7 7653 6668 551 5247 4560 443 5022
7 4119 2198 6600 2858 2906 8584 236
7 7674 1143 6245 5553 2253 7667 8320
7 7584 5535 1712 350 4050 1681 8746
7 8424 1925 8399 3598 2141 5144 8924
7 7080 7297 2554 7864 3442 3412 4858
7 4078 2550 4807 429 1152 9937 7870
7 9168 1539 5209 6871 7367 5102 8381
7 6808 5383 4994 1976 7986 5726 3804
7 2586 773 3534 3903 7867 4739 8756
7 3425 3632 4170 6155 779 5896 3033
7 9888 2607 330 4802 2965 8663 9494
7 1579 1512 227 6168 7151 171 5912
7 6424 6897 3656 3044 6284 8250 8006
7 9321 1030 8227 7331 5171 9719 2018
7 7643 4349 9743 8003 7976 8766 2622
7 4960 9692 552 1410 9751 9777 1547
7 7782 1492 1531 4099 7416 158 7719
7 493 1942 457 9042 5910 8072 703
7 2209 3025 2365 3914 3331 4718 6411
7 934 7545 7115 5127 2430 5705 1521
7 175 7337 3460 288 3620 6322 1412
7 6423 3492 5934 3781 4529 706 3091
7 4768 9561 5903 2305 1608 5436 8012
7 6812 8961 1491 3694 8273 4001 1639
7 962 90 7397 7969 9076 1575 8178
7 7914 816 8934 2940 1737 6242 4694
7 2600 1130 1556 5815 8074 3238 3242
7 9141 8730 416 2244 5968 6481 590
7 5634 862 4238 6092 8530 4677 2439
7 5832 4922 8415 8120 4249 8966 3225
7 8097 9887 9075 2459 4186 9097 6519
7 3423 7179 6888 9304 404 1588 5188
7 6950 9038 528 9930 2815 2236 2920
7 3922 8128 2954 7648 9033 5654 7361
7 1587 3210 5653 9352 4910 9678 2301
7 8946 9031 2152 7244 1890 8575 9665
7 577 2086 1805 6117 5999 1913 6105
7 1808 9213 6595 3005 5400 6868 8500
7 13 7006 7871 3099 1053 7436 4313
7 4804 4303 9361 7449 6351 6211 1487
7 8078 8472 656 2228 434 3347 216
7 4904 994 2442 7894 780 7980 7375
7 9601 436 8903 1275 4386 7773 1203
7 9714 1831 5721 3476 1267 3610 930
7 3060 2766 4088 8778 5456 6125 6341
7 8849 159 2855 3560 2535 4082 4795
7 3709 1415 9747 5751 6177 7430 7327
7 3592 286 3630 8885 7650 6912 9803
7 3766 7639 1704 5997 4710 2912 6551
7 3249 9688 5564 3201 6237 9963 2609
7 1574 1387 915 4006 5226 2873 6634
7 3873 7566 6992 6493 1429 4181 6727
7 2139 4447 2874 667 5598 6123 6658
7 9014 9288 188 1100 2239 4628 8970
7 4466 5097 9635 3919 6410 9590 6007
7 3387 27 9202 9632 421 4983 8410
7 4322 4662 810 4535 7232 3122 6826
7 1572 8896 910 7253 663 1969 2298
7 4141 9718 5555 4717 229 1923 9356
7 526 8183 4773 4279 2353 6822 2642
7 8044 9157 3471 4327 3177 1430 9961
7 6229 4397 256 1520 4195 8108 2375
7 1711 7606 6959 4909 5658 5990 2918
7 7245 5388 5213 69 4622 9027 3917
7 701 2847 5195 7516 8751 289 4323
7 8099 8121 7496 5128 6283 4053 3019
7 295 275 7695 4896 3907 6016 5857
7 3216 9662 1285 9019 2752 2218 5619
7 3155 23 1807 9804 82 8421 675
7 8995 5130 7402 6936 6113 1217 9407
7 746 8383 3899 9039 3707 2775 1542
7 6392 1846 6151 2971 1600 9549 1198
7 2672 4805 8080 6363 2051 8046 2391
7 1408 9727 8850 2472 6563 6966 606
7 6975 3179 6294 2469 7575 3275 7239
7 78 9447 7529 5387 3992 5797 9955
7 8980 6319 2000 8745 9095 4314 4722
7 4189 2090 1021 4217 7519 6292 3114
7 5014 8364 6640 3682 5940 5542 6703
7 3516 7511 2069 7060 9899 9773 8933
7 1813 2297 7475 2599 2135 2024 4069
7 3363 9248 8592 7724 5258 6485 8564
7 8786 596 8969 3867 1558 4817 7299
7 8057 7175 6093 2169 3702 504 8727
7 4115 3929 7439 9891 3623 3118 6299
7 4935 1191 1186 477 7116 7721 1854
7 5062 1125 6857 2042 1250 9874 8050
7 9111 8394 8166 5632 5520 6766 9121
7 1965 4246 1330 8052 3367 6844 2782
7 4852 5557 2649 598 3323 9241 4486
7 3042 8468 5908 9128 9150 6753 7464
7 4052 9538 1924 8717 9515 7715 473
7 9925 8406 3701 9606 5181 7176 2673
7 1048 5944 5886 3064 3417 795 8093
7 654 7704 8073 1835 2914 4867 4307
7 4065 2496 8952 2769 462 9708 2608
7 4182 3665 1751 1051 8234 7679 8834
7 9861 3235 2813 3172 5151 515 9229
7 3145 5939 5206 130 3764 1276 9055
7 4661 4796 4503 6474 5460 5783 8201
7 9340 8568 3027 5349 8936 1293 1996
7 9189 8653 9200 16 3050 6794 456
7 9435 3247 9470 1772 5829 15 1593
7 152 8504 8286 9385 9967 7728 7910
7 5057 1595 8134 8949 9454 3836 9467
7 7427 9498 4808 8547 6516 5229 6427
7 602 3496 8026 9224 3291 6657 5201
7 42 6488 2836 3264 5244 3755 1414
7 6197 1359 7251 3322 1465 5210 3479
7 4760 3628 9756 6961 9268 9462 6616
7 2378 2864 3051 896 8193 238 1750
7 5046 6980 4751 1675 9754 8418 8913
7 7633 4066 7173 7481 9397 2394 7412
7 445 3452 1113 850 1776 6262 1592
7 9371 5336 450 7191 9190 8954 6643
7 3590 9957 6890 2384 3139 9915 4703
7 660 6770 1816 3855 5585 8266 8285
7 4473 846 4169 3932 9139 3851 7691
7 4071 3181 5966 6889 5308 1283 3001
7 5552 9243 68 8324 2633 4304 4597
7 7828 1035 191 4957 1178 2677 7201
7 3236 5467 9568 2963 2168 7952 8958
7 7662 7539 2557 961 1220 9721 8609
7 7937 6001 281 3950 1758 2519 1689
7 1109 2803 8017 5483 5005 5525 5435
7 1472 7030 3383 3462 1210 6554 1804
7 570 9589 1670 9984 5148 5318 2838
7 7576 3782 4757 9592 7528 1604 1004
7 5465 612 7358 3350 2555 4393 941
7 2993 1425 446 8890 627 949 5323
7 1641 6154 3501 8841 4476 7286 5580
7 3902 2583 3575 8438 2343 8681 2770
7 1466 1038 5938 170 8820 4355 6221
7 8551 352 9492 540 4144 3186 7538
7 8090 6671 8851 6030 2085 73 7061
7 4753 8207 7183 968 3696 768 8111
7 9488 6497 128 7351 3391 4104 4975
7 207 8948 5917 659 8445 7259 4673
7 9215 5008 7309 8733 8162 397 9238
7 7148 4236 4996 2304 357 9147 8239
7 138 6062 5113 4480 952 2101 8442
7 558 5613 8977 3951 8204 908 8790
7 1386 3551 336 4824 3405 208 6859
7 9988 1271 5740 9966 3455 5307 9223
7 9543 626 271 6234 4200 738 2637
7 666 9136 7014 1809 3009 8992 5925
7 5777 405 7380 5310 4834 7381 4231
7 2265 4878 34 5461 9816 8937 9599
7 4398 9826 498 8624 5423 4567 9585
7 4764 6597 4481 2570 1644 5883 2644
7 3511 4989 8297 2736 3744 7974 8494
7 2823 1312 8143 7020 1855 7621 8798
7 9282 2351 2005 1417 5117 5 5863
7 601 4392 7421 1822 6677 1740 4221
7 3153 8205 2418 8829 3898 784 2868
7 671 7494 5529 7744 653 6746 9546
7 9155 3505 4660 9956 7625 4887 3669
7 2636 7216 417 8464 1448 1794 9989
7 4077 7720 7611 5895 3557 2279 5167
7 8453 3169 4507 4917 6073 589 690
7 6845 7487 7689 2573 5680 9489 5353
7 8561 698 5077 9052 2966 3332 8831
7 993 2202 7694 3278 9640 1787 6099
7 9872 1896 9227 3763 6995 1441 3573
7 9742 7574 1067 1278 7603 408 164
7 4974 523 4944 8130 5182 2221 5125
7 8724 6152 7011 6509 9520 9165 3541
7 2452 9417 2604 9378 1390 2167 385
7 9890 476 854 8049 2841 7668 9456
7 3123 6347 5865 2140 4784 1076 6676
7 724 8590 3579 9785 5574 6464 91
7 7901 8447 8431 2640 4152 5522 33
7 7883 7343 702 6032 9627 3267 1243
7 3815 1893 7979 1700 9772 3537 5079
7 7256 3775 9951 7798 879 4030 8569
7 3256 534 7329 1499 4655 53 5228
7 6638 7096 8513 1926 3536 7158 3205
7 5500 8440 49 2003 931 5126 319
7 7822 6683 1140 8282 6444 2569 2591
7 8315 8835 2777 4 2747 221 7605
6 9696 6785 5898 7230 6313 1165
6 8407 3533 89 460 1241 3722
6 6891 3482 3339 9130 4126 9391
6 9284 6720 9131 3306 2013 4252
6 4469 8339 8565 7161 3845 1760
6 2652 6931 8481 1614 1123 6379
6 8709 7946 4091 3746 6005 6985
6 9814 7222 4068 5109 9484 8651
6 4801 5608 5914 817 2323 2801
6 1187 6425 8400 2252 8237 1612
6 1577 3119 1192 2037 7383 5360
6 5798 4474 8781 3735 1260 163
6 6669 8366 5511 9559 6869 5224
6 6330 5241 1983 6925 9752 2992
6 3233 4390 1037 4436 8471 3731
6 8595 3171 7394 5534 6681 3881
6 9211 1062 544 8950 7992 4639
6 4616 8523 7638 9408 4629 2053
6 7760 5756 6475 273 4156 232
6 804 5049 3640 9811 2930 7203
6 2417 1468 3643 4219 5086 7488
6 7995 8657 108 2350 5448 6280
6 8644 1060 3260 9079 6922 3318
6 6603 8152 6765 8083 4716 4530
6 5160 9850 6664 6382 4084 1133
6 2146 2795 8797 7707 9263 3049
6 8372 839 3302 5668 6815 2138
6 1753 4433 6778 5516 8615 6580
6 7324 766 9787 9175 7177 6452
6 8698 1424 3312 9702 6000 9831