7 6599 6668 6888 9352 9076 5860 8754
7 45 1752 6959 6699 2253 9027 4231
7 8033 2381 6214 3921 9817 9790 3804
8 6428 2452 6347 2418 1863 1907 1293 9540
8 6440 2698 4433 5345 432 338 3186 6551
8 719 8472 5595 5545 9891 7625 1787 2868
7 4467 8184 3937 8885 4655 408 2439
8 2603 4065 2864 4632 4803 3612 171 7375
7 9738 9155 1893 6463 3278 3266 6500
8 156 3075 2202 7173 2350 6869 6211 7607
8 2584 6638 626 3324 8130 5585 738 4673
7 8141 2517 1040 7329 5534 3733 1138
7 9475 8607 1365 487 9382 5726 9803
7 9191 7382 5334 5128 1429 8108 5353
7 3440 8039 4701 2874 9956 8549 8991
7 3016 4107 8710 9039 9735 4391 4627
8 327 7855 7918 446 3350 2343 684 7865
8 3039 8407 6931 4996 5207 9980 6464 3541
7 1141 4805 9992 7864 2526 6255 3225
8 2822 482 9591 350 2506 3680 2394 8727
8 7138 3256 3833 4660 9073 4227 768 3997
7 9321 1831 8415 3903 8327 6868 8442
7 4523 6982 7529 7253 462 3610 2609
7 7318 9594 2793 2693 5612 9761 5351
7 9822 8128 9361 2769 5182 232 8933
7 2995 1660 2785 7384 779 2768 8634
7 2150 1641 8523 8481 9785 3845 8594
7 8103 1512 2836 8778 4186 2352 1055
8 2446 3249 5955 3972 502 6459 8693 6566
8 6042 4303 1983 3560 4050 3283 7621 3528
6 1179 9443 9743 9606 6444 4495
7 5876 5325 1734 8565 9273 2339 8176
6 2851 9447 5938 1417 6995 6731
7 1434 7822 8447 2512 7579 4005 9909
8 4891 395 9136 2069 4219 5244 5171 4788
7 5919 2090 6796 429 7279 7845 590
8 2635 8644 3775 5195 6231 8261 2036 4942
7 6056 9282 7216 8952 8841 9322 5188
7 3353 4066 3260 5461 7151 6504 3318
7 1769 2086 1021 2472 4442 6125 5323
7 187 9740 1670 4 4144 3332 5424
8 2870 4671 6152 7611 8052 1053 7286 4309
7 1959 8085 8125 7636 2755 721 6622
6 2734 280 5903 2042 4784 7408
7 9058 8730 6890 8949 1123 653 1542
6 7914 7639 3501 273 5251 8711
9 333 4189 1143 9037 9506 8049 593 5307 1198
7 9049 9031 5653 667 7603 3412 6280
7 2038 4878 3911 7516 5456 8575 1414
7 3636 23 1924 9592 5181 9915 93
8 8598 3562 1062 7183 1772 3907 4181 6658
7 2805 8404 2351 5669 2860 6966 5138
8 4960 1764 9117 6928 2293 2747 8584 7239
8 681 3592 7613 9470 4480 3291 5224 5125
8 9145 4935 1030 2335 5965 7084 5066 2622
8 5260 295 8121 6475 8733 627 1217 3669
7 4804 7606 7695 896 4710 7485 7406
7 9670 377 8653 7421 5310 1795 8281
7 7426 5326 8740 479 2578 1276 555
7 6198 8709 1437 3302 460 571 2346
7 6261 4501 8432 6416 7985 309 2710
7 2921 3492 9747 3316 3746 6520 3346
7 9392 3590 9913 3640 9200 1210 1093
8 2223 8315 328 9646 7295 6815 397 9955
7 9832 3611 4765 6819 6374 5313 8111
7 9180 275 8431 7894 2051 158 9856
7 1999 7337 9104 7120 5895 5005 7488
8 2717 6543 5492 6778 4151 4573 5436 1674
6 6424 6497 702 6382 215 132
6 9696 8678 4458 1560 8237 8756
7 3183 9445 4807 7449 82 4677 4858
8 3660 1711 6154 4481 5632 7177 2221 2242
8 9151 7186 811 6003 1614 1465 4304 2838
7 3875 5097 5973 3172 8439 3851 9223
7 586 3025 8080 4535 5940 208 3079
7 6096 3216 534 2182 9966 2144 8865
8 2368 5524 5941 9568 5997 9139 7980 2637
6 8057 6671 8073 2640 9115 3033
7 6430 929 5041 68 2145 837 2468
7 8849 750 5532 5537 1059 9907 971
7 1566 3179 5206 7890 9454 9590 9585
9 7849 7781 8927 5476 598 1442 4018 9708 5619
8 9714 90 5209 8745 5298 8701 238 6727
7 4119 7096 9797 8464 6756 4082 5857
7 3363 5233 9366 6046 2003 4476 5693
7 962 6257 9584 5751 3331 5102 8006
8 3831 4494 8969 1520 8872 9520 6844 2298
8 9106 5801 5564 4214 5516 2841 589 5303
6 6570 1573 3471 850 4009 4730
7 835 3076 1339 1976 421 6794 220
7 6808 3968 1595 8166 4966 785 4183
8 3187 2191 4754 49 659 9899 3755 3114
8 4661 5557 1816 3867 3259 9772 6123 2644
7 5835 4764 6770 336 6748 4200 2258
8 2849 3265 726 5377 9408 1250 7721 6826
7 9890 7006 3681 3149 9515 3118 8958
7 6130 7245 9417 3643 8063 5654 8609
7 9159 7205 6265 3950 8906 6016 8381
6 7584 3929 7358 3735 1016 6580
7 1587 5535 1531 5881 5308 1794 690
7 8097 1377 6687 8026 7351 3702 2295
7 934 3198 5984 5462 9811 3757 3049
6 1826 3665 4091 3582 5949 2840
8 9053 1539 4338 6482 3811 8471 1441 7327
6 2672 5756 1205 7742 9258 5499
6 7427 3247 6857 3763 4629 489
6 3902 5336 1807 4217 1855 8293
8 4852 8267 3169 2005 6474 6410 8250 1412
7 13 9538 8543 6623 7323 1462 8320
7 8995 8383 8948 1590 2141 6262 9546
9 9351 7576 8504 34 4099 5400 3164 6657 2106
9 5455 4052 4989 3051 3099 5116 605 2801 2536
6 3448 8669 5721 3264 1448 62
8 5371 5777 6720 3333 7699 9190 1923 8564
7 2234 4049 2241 7922 2815 443 6618
7 5254 27 3258 5031 1049 7769 2359
7 7782 3496 3534 7724 1505 795 7412
7 9581 6791 7395 7380 817 1776 7016
7 8099 9727 1805 1835 422 1659 9407
7 6933 474 5967 5553 8053 6292 9485
7 4322 3119 5917 5566 8193 4628 8410
8 7418 3511 9561 3128 3598 4195 2236 6643
7 5959 7297 2365 1275 4607 9678 3917
7 1717 6669 2332 3659 1890 9719 2673
6 9340 9243 7402 7798 2966 3703
7 8220 7794 2855 7581 7230 4152 4903
7 175 8961 4169 69 6237 4817 791
7 7674 4581 1491 6030 4286 8937 9315
7 4172 5147 3772 8586 3623 4567 5478
7 8561 7566 5886 9224 9816 7203 9394
7 5266 3704 810 961 5680 221 1245
7 1466 6980 271 2228 6177 1631 5022
6 8858 9957 4068 1278 3557 5368
8 3190 9246 3856 3519 7191 9754 1740 6912
8 4078 8406 8934 6402 9219 9397 2167 7110
6 6507 612 3899 540 8615 7185
8 6885 2265 2766 6640 2469 4933 6379 3854
6 7256 4766 2876 7519 5883 7538
7 8725 8579 5528 3987 2752 2218 9456
7 7320 3042 7179 191 7481 1260 3847
7 820 9446 8399 4067 7416 7259 2375
7 2922 1599 6992 4279 3455 7668 7691
8 5482 4616 8980 8903 4318 2535 5210 610
7 4760 3628 528 9019 7232 8766 2301
7 5552 8183 7475 7161 4386 9625 3019
6 6392 4634 8592 2971 357 9242
8 3145 1125 9492 2169 2430 4697 4355 1750
6 804 7343 5898 8540 1241 5901
6 724 7031 8977 1675 4250 5744
7 691 286 1556 6871 1197 6876 2154
8 6423 7324 7487 544 2599 2195 6481 4597
8 8854 9371 8366 8400 7744 3405 6556 8924
7 3491 6319 1037 3524 2013 2279 8454
6 7901 7720 552 5387 3009 6452
8 3423 6603 5262 4503 8438 434 3537 5157
5 9814 5197 8324 8697 9504
7 4611 7704 5740 2384 4834 7158 4395
6 8424 2607 1751 3306 5020 5683
7 9413 1408 7539 276 2767 5990 8239
7 7678 9858 1364 4239 404 6485 6519
8 306 42 5130 2813 7707 9095 5318 5058
6 7229 7793 89 9378 6681 4530
7 1134 688 7569 9804 952 7679 4486
8 8544 1938 3482 7439 9251 2048 4739 35
8 7833 3516 4662 8286 3932 4622 1430 970
7 6340 4115 8177 7552 7543 3836 6099
8 7662 4759 6595 9236 6509 8273 4718 6007
7 7136 1753 8492 928 9120 9963 9302
7 2209 3384 6093 6961 3744 9165 5228
7 7653 5354 2330 4006 9669 2323 3443
8 2098 3123 5467 108 6983 879 1961 8970
7 4473 5608 9635 9940 3844 2049 8368
7 2378 596 5934 1909 5658 6554 8494
7 3117 5370 5149 2715 4034 873 8257
7 5062 4390 5966 8083 9263 3275 3091
8 1579 957 9850 8797 3 6718 9489 3335
7 4801 6610 6635 477 6284 9874 6304
9 5588 1817 2795 1330 16 4777 1380 3267 2391
7 2758 3860 8386 61 8699 2137 5671
7 8450 2711 2890 5153 8613 1588 1593
7 526 3827 4808 1407 5999 5082 2918
6 746 9662 3027 9175 5448 704
7 2772 6897 3656 3476 4560 7773 5580
6 1572 846 4870 5333 2212 1095
6 2823 5771 8875 291 4636 1004
7 6950 4922 3383 3919 1220 2569 6036
6 9888 2803 2604 1421 6348 5610
7 2440 8568 7115 5185 1745 7723 6049
7 9488 3181 7689 7648 7867 5525 5435
6 3832 5889 2244 5226 4314 606
7 9601 5008 457 9984 7575 2873 9238
6 8453 2583 417 4715 2664 9665
7 3155 8205 1285 9930 5910 1562 9537
6 4260 5475 2858 5258 9937 9055
7 2156 1359 5942 8717 3764 73 365
6 9543 4543 3698 3126 931 5682
7 4398 1038 8134 7020 5151 2519 3479
6 102 8546 1842 4717 1715 8375
6 1965 3533 7929 8074 1076 8834
7 1785 4349 548 2012 2633 6985 6676
8 6781 9692 4994 1779 2252 9967 6753 5052
7 7851 3288 3503 40 4400 6421 3783
6 8172 9887 5113 968 8445 9825
7 1472 1896 4751 8547 8936 2358 7022
7 3883 9288 1704 2570 6516 163 4394
7 9168 6021 8971 9042 663 5229 456
7 9435 3551 6245 2933 1175 6766 1203
6 3581 5952 9459 5598 7430 167
6 9111 6001 8503 9384 1913 8285
7 4141 9248 5555 9632 7383 9391 6369
6 389 994 5908 8282 5416 792
7 8090 8207 5077 6620 6073 3671 3001
8 4753 862 450 130 676 2201 9462 8831
8 8946 436 9202 6765 9559 3696 504 8462
7 6197 4574 3460 3682 1756 4126 4093
6 3104 3991 8781 4436 7147 4553
7 5030 1415 2152 6864 5855 7957 813
7 570 1788 5846 6117 6677 1575 7719
7 445 9498 7397 2459 7986 9147 2762
7 625 8835 6600 4937 3536 4252 513
7 1109 9157 8850 8950 1178 949 5863
7 3387 7574 7394 2756 1239 8651 4298
6 8372 5503 2205 2186 8663 8093
8 7277 9194 4057 7011 9052 9268 4867 9599
7 701 2198 4088 5134 9416 8277 4096
7 4114 7883 4166 9933 6445 4408 4948
7 4768 9764 1186 2263 8530 1515 1994
8 4967 7995 8394 3339 906 9627 4104 4015
7 6613 159 2557 6168 229 1969 8790
8 3236 7545 7708 4769 3762 9484 3122 2642
8 5604 2765 9166 7219 2396 4716 5783 2018
7 7633 3235 8017 736 3050 3731 308
7 5832 4447 6294 2963 4165 4393 1639
6 3766 2297 8851 3396 3238 4069
7 6845 3210 2554 5483 5423 1612 956
8 9014 8468 553 8919 9751 2147 8418 7361
8 3709 1577 3505 7014 8829 7116 2401 4076
7 5703 1424 7694 2736 4529 4976 6710
7 8502 405 5675 2614 1681 2992 1322
7 5057 9718 2649 3005 5520 9549 402
7 7760 8657 498 2916 6005 5797 7149
7 4466 1035 2777 7331 2479 4001 682
8 9925 3153 1312 5914 1024 9428 53 4323
7 1574 9213 9227 5263 9640 7728 7944
8 3922 9054 3693 4507 4957 3707 979 81
7 7080 5383 656 2 4249 4248 1804
6 671 816 6151 2573 5724 1300
7 7828 5944 8297 9079 5117 1760 2744
6 3240 1746 3694 5460 8681 6859
7 152 1191 4773 5349 1152 7176 8050
7 3632 4259 6935 5696 7528 2053 745
7 6891 9868 5865 6493 3620 784 4703
7 2586 7609 7984 9951 6234 7144 6341
7 5465 352 128 6889 3391 1165 185
7 577 1130 7496 9702 8234 6746 385
6 601 1468 1860 6113 4887 8897
6 2146 7222 3618 60 8714 2429
7 4949 839 3575 4327 3410 7667 2782
7 666 9826 9756 4824 5148 1283 1854
6 3756 9441 2482 9636 1025 4514
7 8724 9688 2954 6155 2555 7381 939
7 6330 1387 5213 4802 3373 9974 3949
7 78 7511 6578 5112 3992 3722 1440
7 1813 4796 5583 5794 9129 5713 8746
7 3425 9328 8170 3044 3323 8954 2770
6 1048 1846 7638 3295 8884 1677
6 7132 9336 9732 9836 3292 1042
6 660 523 8513 1422 5144 1373
8 654 9440 4474 9787 1926 7976 2912 8726
6 3720 9075 7244 6351 2024 9494
6 7937 4060 9699 7026 6313 1131
6 2163 9942 4650 9806 9096 7572
7 8078 4182 6785 9685 6973 7482 7842
7 7643 3877 3782 1113 4909 8162 9831
7 8299 5241 854 7060 1644 4030 320
6 2993 4236 1036 3150 7952 1592
6 2414 3765 2940 2914 7436 4975
6 94 8152 26 6925 1264 4302
7 3233 4568 4944 5815 2085 8910 9961
5 7735 8434 1100 2168 2138
7 2648 1196 3579 3268 1257 4639 2748
7 4469 8896 3630 4896 7992 7715 8201
7 9742 6461 747 3951 1600 515 6616
6 1187 182 9131 5668 6922 343
7 9872 2847 416 3201 6275 9777 7201
7 493 4974 7448 665 2037 6767 4278
7 9215 9460 3701 9304 2353 9773 675
6 1824 915 6363 1608 4175 6816
6 5645 1060 8356 1325 6242 3667
7 2636 7787 7251 8120 1267 6822 9356
6 3209 8870 6092 4926 294 5714
7 602 7494 1192 1499 9150 5542 679
6 2830 6425 5115 4910 5522 1222
6 4077 7946 3385 9123 8966 2608
6 2563 8983 8625 7442 4192 6411
6 7148 4392 2000 170 9752 2058
6 7642 4238 7752 4311 5051 8957
7 2996 766 2442 2304 2239 7974 8178
7 4071 6597 256 5109 1758 3881 3040
7 5046 8364 7979 1051 2965 5868 8417
6 4830 4794 5156 3442 289 9121
6 6956 4951 7042 6790 9097 393
7 5014 8246 8440 144 1124 9629 7086
7 9189 7030 8118 4455 7650 9241 6427
7 2652 9589 910 3462 780 2677 8526
7 5798 7235 7698 1597 2395 9721 7870
7 6229 9038 8227 3781 1398 2746 4313
6 5837 5324 6250 9621 3036 6105
6 7313 5069 563 3518 304 703
7 8545 1247 6664 9612 8204 5896 147
6 207 7175 1140 4917 3898 5706
6 4980 1768 7969 3177 908 2531
6 993 1271 1148 1554 6278 8012
7 2600 2496 4170 8566 9033 8992 2591
7 3873 4246 330 1066 1964 2701 6299
7 6975 5388 5245 9385 3139 2775 930
6 8698 4797 1014 6407 375 5348
6 1204 6729 8143 1809 629 7087
6 2550 7871 2524 4415 1390 5166
6 9960 554 2305 1737 5945 1521
7 1808 2417 6879 1818 1080 4053 5912
6 2091 5049 1862 8624 3411 1487
7 9141 9861 6683 3679 3866 7249 899
6 9988 9257 5247 6283 8765 6703
6 558 698 5529 9130 3380 2057
6 1568 1956 1139 3954 8421 6634
7 5500 476 3312 2140 5574 3347 2920
7 6812 5939 687 9128 4156 2101 5925
6 138 9820 6655 6150 678 5796
6 1833 227 7458 9884 8072 1282
6 2713 9791 5129 7367 919 7464
7 5634 773 1712 8003 5826 6322 4795
7 1925 1691 5237 1822 3367 8266 9477
6 1942 7309 7109 2135 5705 9329
6 9360 3361 3914 9286 4587 6027
7 5160 8590 551 9755 6032 8820 6779
7 8551 1425 7335 6102 6000 5 250
6 7047 9695 3064 6563 5126 4282
6 9211 5136 1410 5968 8046 1229
7 8595 314 1067 8890 1558 7790 1236
6 5673 1348 2399 5829 15 8913
6 6227 8654 874 3953 7180 236
5 3815 6200 6936 4084 1133
7 8786 3060 6488 5472 2906 706 7299
6 9284 5613 9522 3855 1985 7637
7 4904 1492 4122 5127 6910 2126 1547
6 1386 3878 7982 8751 4983 4722
7 4397 8339 5511 3322 5086 1604 572
6 8044 6062 6970 4046 3716 740
6 6557 7015 6258 1700 2166 216