4 6599 2163 4060 276
4 45 8346 1364 5942
4 8033 3562 3856 5476
4 6440 6956 8983 5345
4 6428 9594 4166 9522
4 9475 9960 7787 4870
4 2603 7229 4797 6046
4 156 4049 6687 7929
4 9738 3240 3878 8356
4 4467 395 9820 5156
4 2822 8502 1691 6754
4 3039 6227 6214 9646
4 8103 2830 1247 6463
4 2584 3265 811 3333
4 7318 3611 4543 9506
4 5876 3581 5041 8027
4 2995 5030 726 5472
4 2150 7735 2793 6819
4 1179 7132 7235 9685
4 9822 2156 4794 665
4 719 5370 7918 26
4 9191 5524 7984 5965
4 1434 7313 5149 1014
4 2446 1817 1348 7042
4 7138 5645 9117 5794
4 2635 3756 314 8503
4 187 5354 5503 2512
4 1959 8299 7793 2693
4 8141 5703 9913 1066
4 6056 7609 5967 2205
4 2734 1938 8654 2524
4 9058 2091 3833 5545
4 6198 2414 9460 144
4 3016 4260 1437 1205
4 333 5673 8432 1818
4 9670 3075 9868 502
4 6261 4830 3991 61
4 2921 8184 5771 7335
4 2870 1833 4701 6416
4 9151 9858 8177 6623
4 4891 2182 4766 6970
4 8598 2563 5952 6482
4 5260 8085 4057 6635
4 327 8607 6610 1036
4 9145 2381 5532 4803
4 3183 625 7708 563
4 681 2191 9791 3385
4 2223 6791 3765 3519
4 2368 3832 2332 9797
4 9392 8579 3503 5675
4 3636 9328 9257 5462
4 835 1660 328 1779
4 9832 5325 2241 3618
4 6096 482 7395 9236
4 3660 3968 3361 8919
4 7849 4107 9942 9940
4 9053 1764 4338 487
4 3440 929 5941 4769
4 2717 1568 7448 4067
4 6430 8404 182 928
4 2234 8039 3693 7120
4 4523 2648 5595 8118
4 3187 1599 1365 5237
4 1566 7642 1734 747
4 3448 8546 6879 3679
4 2849 377 8386 5537
4 5371 3877 9992 1139
4 6130 2711 4754 1148
4 9106 9054 9336 6935
4 5266 8267 4568 9699
4 5959 2996 2785 2482
4 6570 1824 8125 1860
4 6933 9194 7031 5185
4 5455 6021 6796 3324
4 9351 1204 9166 6928
4 2922 6190 6578 7581
4 3353 7382 2335 2715
4 5835 2517 1196 1909
4 9581 3104 553 3921
4 4172 5147 6729 2933
4 8725 9445 6200 5377
4 3190 5801 6461 6655
4 7678 3384 1040 9251
4 1134 5262 5846 8586
4 586 3198 4632 7636
4 7320 5955 8678 3316
4 8450 9360 5583 5031
4 691 9246 9366 4214
4 2038 6982 2890 1862
4 3831 957 1956 4458
4 8854 94 3128 4239
4 9180 4501 9591 6003
4 7418 8669 5889 40
4 6885 750 548 7922
4 5482 7205 554 5669
4 1999 3860 2330 9732
4 2758 4581 7015 6864
4 9159 7794 5984 4318
4 6042 280 5245 6699
4 5254 1788 5334 8625
4 3117 6257 7569 6250
4 7833 8545 8434 479
4 7426 1377 9584 7698
4 6340 3720 5136 736
4 8544 1573 9441 8566
4 2851 6557 5475 874
4 2098 5837 5492 1407
4 2772 3288 3937 5115
4 5588 2698 9037 7982
4 7136 7047 5324 9933
4 2440 3209 9695 2263
4 306 1752 4951 5134
4 8172 4949 8543 5129
4 3491 3076 5197 7552
4 3883 7855 5528 7752
4 6781 688 4765 6258
4 389 5233 8927 9755
4 1717 4980 8710 2876
4 8858 474 4259 1590
4 1826 4671 8170 9459
4 1785 5326 9104 3698
4 4611 9440 8971 7219
4 9413 9764 8492 8875
4 1141 6543 1842 2916
4 7851 4494 1339 7384
4 9049 9446 3772 5153
4 6507 9740 1746 4650
4 820 7613 1768 7458
4 8220 2765 6265 6231
4 2805 7186 3681 2399
4 5604 8246 3911 4937
4 1769 9443 4122 2012
4 3875 4574 3258 3659
4 7277 4634 3972 3987
4 4967 4759 5973 5112
4 4114 7781 687 2
4 102 3704 5069 6402
4 5919 3827 8870 5881
4 6613 2713 8740 3149
4 7653 6668 551 5247
4 4119 2198 6600 2858
4 7674 1143 6245 5553
4 7584 5535 1712 350
4 8424 1925 8399 3598
4 7080 7297 2554 7864
4 4078 2550 4807 429
4 9168 1539 5209 6871
4 6808 5383 4994 1976
4 2586 773 3534 3903
4 3425 3632 4170 6155
4 9888 2607 330 4802
4 1579 1512 227 6168
4 6424 6897 3656 3044
4 9321 1030 8227 7331
4 7643 4349 9743 8003
4 4960 9692 552 1410
4 7782 1492 1531 4099
4 493 1942 457 9042
4 2209 3025 2365 3914
4 934 7545 7115 5127
4 175 7337 3460 288
4 6423 3492 5934 3781
4 4768 9561 5903 2305
4 6812 8961 1491 3694
4 962 90 7397 7969
4 7914 816 8934 2940
4 2600 1130 1556 5815
4 9141 8730 416 2244
4 5634 862 4238 6092
4 5832 4922 8415 8120
4 8097 9887 9075 2459
4 3423 7179 6888 9304
4 6950 9038 528 9930
4 3922 8128 2954 7648
4 1587 3210 5653 9352
4 8946 9031 2152 7244
4 577 2086 1805 6117
4 1808 9213 6595 3005
4 13 7006 7871 3099
4 4804 4303 9361 7449
4 8078 8472 656 2228
4 4904 994 2442 7894
4 9601 436 8903 1275
4 9714 1831 5721 3476
4 3060 2766 4088 8778
4 8849 159 2855 3560
4 3709 1415 9747 5751
4 3592 286 3630 8885
4 3766 7639 1704 5997
4 3249 9688 5564 3201
4 1574 1387 915 4006
4 3873 7566 6992 6493
4 2139 4447 2874 667
4 9014 9288 188 1100
4 4466 5097 9635 3919
4 3387 27 9202 9632
4 4322 4662 810 4535
4 1572 8896 910 7253
4 4141 9718 5555 4717
4 526 8183 4773 4279
4 8044 9157 3471 4327
4 6229 4397 256 1520
4 1711 7606 6959 4909
4 7245 5388 5213 69
4 701 2847 5195 7516
4 8099 8121 7496 5128
4 295 275 7695 4896
4 3216 9662 1285 9019
4 3155 23 1807 9804
4 8995 5130 7402 6936
4 746 8383 3899 9039
4 6392 1846 6151 2971
4 2672 4805 8080 6363
4 1408 9727 8850 2472
4 6975 3179 6294 2469
4 78 9447 7529 5387
4 8980 6319 2000 8745
4 4189 2090 1021 4217
4 5014 8364 6640 3682
4 3516 7511 2069 7060
4 1813 2297 7475 2599
4 3363 9248 8592 7724
4 8786 596 8969 3867
4 8057 7175 6093 2169
4 4115 3929 7439 9891
4 4935 1191 1186 477
4 5062 1125 6857 2042
4 9111 8394 8166 5632
4 1965 4246 1330 8052
4 4852 5557 2649 598
4 3042 8468 5908 9128
4 4052 9538 1924 8717
4 9925 8406 3701 9606
4 1048 5944 5886 3064
4 654 7704 8073 1835
4 4065 2496 8952 2769
4 4182 3665 1751 1051
4 9861 3235 2813 3172
4 3145 5939 5206 130
4 4661 4796 4503 6474
4 9340 8568 3027 5349
4 9189 8653 9200 16
4 9435 3247 9470 1772
4 152 8504 8286 9385
4 5057 1595 8134 8949
4 7427 9498 4808 8547
4 602 3496 8026 9224
4 42 6488 2836 3264
4 6197 1359 7251 3322
4 4760 3628 9756 6961
4 2378 2864 3051 896
4 5046 6980 4751 1675
4 7633 4066 7173 7481
4 445 3452 1113 850
4 9371 5336 450 7191
4 3590 9957 6890 2384
4 660 6770 1816 3855
4 4473 846 4169 3932
4 4071 3181 5966 6889
4 5552 9243 68 8324
4 7828 1035 191 4957
4 3236 5467 9568 2963
4 7662 7539 2557 961
4 7937 6001 281 3950
4 1109 2803 8017 5483
4 1472 7030 3383 3462
4 570 9589 1670 9984
4 7576 3782 4757 9592
4 5465 612 7358 3350
4 2993 1425 446 8890
4 1641 6154 3501 8841
4 3902 2583 3575 8438
4 1466 1038 5938 170
4 8551 352 9492 540
4 8090 6671 8851 6030
4 4753 8207 7183 968
4 9488 6497 128 7351
4 207 8948 5917 659
4 9215 5008 7309 8733
4 7148 4236 4996 2304
4 138 6062 5113 4480
4 558 5613 8977 3951
4 1386 3551 336 4824
4 9988 1271 5740 9966
4 9543 626 271 6234
4 666 9136 7014 1809
4 5777 405 7380 5310
4 2265 4878 34 5461
4 4398 9826 498 8624
4 4764 6597 4481 2570
4 3511 4989 8297 2736
4 2823 1312 8143 7020
4 9282 2351 2005 1417
4 601 4392 7421 1822
4 3153 8205 2418 8829
4 671 7494 5529 7744
4 9155 3505 4660 9956
4 2636 7216 417 8464
4 4077 7720 7611 5895
4 8453 3169 4507 4917
4 6845 7487 7689 2573
4 8561 698 5077 9052
4 993 2202 7694 3278
4 9872 1896 9227 3763
4 9742 7574 1067 1278
4 4974 523 4944 8130
4 8724 6152 7011 6509
4 2452 9417 2604 9378
4 9890 476 854 8049
4 3123 6347 5865 2140
4 724 8590 3579 9785
4 7901 8447 8431 2640
4 7883 7343 702 6032
4 3815 1893 7979 1700
4 7256 3775 9951 7798
4 3256 534 7329 1499
4 6638 7096 8513 1926
4 5500 8440 49 2003
4 7822 6683 1140 8282
4 8315 8835 2777 4
4 9696 6785 5898 7230
4 8407 3533 89 460
4 6891 3482 3339 9130
4 9284 6720 9131 3306
4 4469 8339 8565 7161
4 2652 6931 8481 1614
4 8709 7946 4091 3746
4 9814 7222 4068 5109
3 4801 5608 5914
3 1187 6425 8400
3 1577 3119 1192
3 5798 4474 8781
3 6669 8366 5511
3 6330 5241 1983
3 3233 4390 1037
3 8595 3171 7394
3 9211 1062 544
3 4616 8523 7638
3 7760 5756 6475
3 804 5049 3640
3 2417 1468 3643
3 7995 8657 108
3 8644 1060 3260
3 6603 8152 6765
3 5160 9850 6664
3 2146 2795 8797
3 8372 839 3302
3 1753 4433 6778
3 7324 766 9787
3 8698 1424 3312