10 6599 6668 6888 9352 9076 5860 8754 9350 841 8309
9 45 1752 6959 6699 2253 9027 4231 7356 5838
10 8033 2381 6214 3921 9817 9790 3804 760 1759 358
11 6428 2452 6347 2418 1863 1907 1293 9540 9745 5439 4264
11 6440 2698 4433 5345 432 338 3186 6551 6112 2613 3304
10 719 8472 5595 5545 9891 7625 1787 2868 8645 8603
10 4467 8184 3937 8885 4655 408 2439 6744 3715 2558
11 2603 4065 2864 4632 4803 3612 171 7375 975 7483 4958
11 9738 9155 1893 6463 3278 3266 6500 5637 3170 3821 3678
12 156 3075 2202 7173 2350 6869 6211 7607 1238 7117 1603 420
11 2584 6638 626 3324 8130 5585 738 4673 117 5176 111
11 8141 2517 1040 7329 5534 3733 1138 6167 3480 2707 1096
9 9475 8607 1365 487 9382 5726 9803 9059 1219
9 9191 7382 5334 5128 1429 8108 5353 4205 5700
11 3440 8039 4701 2874 9956 8549 8991 5446 2917 266 4577
10 3016 4107 8710 9039 9735 4391 4627 1932 8518 6084
11 327 7855 7918 446 3350 2343 684 7865 209 5296 1310
11 3039 8407 6931 4996 5207 9980 6464 3541 5506 2064 3481
10 1141 4805 9992 7864 2526 6255 3225 7840 7916 1317
11 2822 482 9591 350 2506 3680 2394 8727 4377 7592 4388
10 7138 3256 3833 4660 9073 4227 768 3997 6218 3212
9 9321 1831 8415 3903 8327 6868 8442 3037 3648
9 4523 6982 7529 7253 462 3610 2609 3195 6276
10 7318 9594 2793 2693 5612 9761 5351 8920 8316 4679
10 9822 8128 9361 2769 5182 232 8933 4672 6535 8988
10 2995 1660 2785 7384 779 2768 8634 7296 9675 9231
10 2150 1641 8523 8481 9785 3845 8594 7347 2313 5277
11 8103 1512 2836 8778 4186 2352 1055 5167 5587 252 3069
11 2446 3249 5955 3972 502 6459 8693 6566 2129 2983 2083
10 6042 4303 1983 3560 4050 3283 7621 3528 902 5012
9 1179 9443 9743 9606 6444 4495 5850 9425 5222
10 5876 5325 1734 8565 9273 2339 8176 435 2832 4856
10 2851 9447 5938 1417 6995 6731 5916 9133 1354 1301
10 1434 7822 8447 2512 7579 4005 9909 6437 3192 5975
11 4891 395 9136 2069 4219 5244 5171 4788 2574 466 550
10 5919 2090 6796 429 7279 7845 590 4251 6163 3166
12 2635 8644 3775 5195 6231 8261 2036 4942 2334 8249 739 135
10 6056 9282 7216 8952 8841 9322 5188 6446 1194 3675
10 3353 4066 3260 5461 7151 6504 3318 4350 4758 6233
10 1769 2086 1021 2472 4442 6125 5323 4550 3724 5843
9 187 9740 1670 4 4144 3332 5424 1302 5235
11 2870 4671 6152 7611 8052 1053 7286 4309 5376 4874 1259
10 1959 8085 8125 7636 2755 721 6622 5596 5315 848
9 2734 280 5903 2042 4784 7408 7988 9457 6160
10 9058 8730 6890 8949 1123 653 1542 3858 6236 6385
9 7914 7639 3501 273 5251 8711 3573 5639 5355
11 333 4189 1143 9037 9506 8049 593 5307 1198 927 4289
11 9049 9031 5653 667 7603 3412 6280 281 3090 9310 2415
11 2038 4878 3911 7516 5456 8575 1414 6057 1064 7680 6188
9 3636 23 1924 9592 5181 9915 93 8441 1326
10 8598 3562 1062 7183 1772 3907 4181 6658 2489 2788
9 2805 8404 2351 5669 2860 6966 5138 5274 670
11 4960 1764 9117 6928 2293 2747 8584 7239 9395 2318 5856
11 681 3592 7613 9470 4480 3291 5224 5125 4452 5510 5687
11 9145 4935 1030 2335 5965 7084 5066 2622 9892 2274 1676
10 5260 295 8121 6475 8733 627 1217 3669 22 2176
10 4804 7606 7695 896 4710 7485 7406 5218 5406 4864
10 9670 377 8653 7421 5310 1795 8281 9533 6328 7664
11 7426 5326 8740 479 2578 1276 555 1770 2470 7931 5508
10 6198 8709 1437 3302 460 571 2346 5670 9554 4031
10 6261 4501 8432 6416 7985 309 2710 5556 8783 7614
10 2921 3492 9747 3316 3746 6520 3346 8873 9186 5763
10 9392 3590 9913 3640 9200 1210 1093 3644 6559 871
10 2223 8315 328 9646 7295 6815 397 9955 2853 3683
9 9832 3611 4765 6819 6374 5313 8111 3520 9531
10 9180 275 8431 7894 2051 158 9856 4950 1433 2960
10 1999 7337 9104 7120 5895 5005 7488 164 8235 4370
11 2717 6543 5492 6778 4151 4573 5436 1674 8478 3341 7045
9 6424 6497 702 6382 215 132 7541 3711 620
10 9696 8678 4458 1560 8237 8756 7349 1174 8541 4929
10 3183 9445 4807 7449 82 4677 4858 4642 7111 5407
11 3660 1711 6154 4481 5632 7177 2221 2242 8256 261 5397
11 9151 7186 811 6003 1614 1465 4304 2838 8914 943 465
9 3875 5097 5973 3172 8439 3851 9223 1411 6795
9 586 3025 8080 4535 5940 208 3079 5887 5434
11 6096 3216 534 2182 9966 2144 8865 8798 4356 7202 7462
11 2368 5524 5941 9568 5997 9139 7980 2637 4734 4044 5425
9 8057 6671 8073 2640 9115 3033 8022 7660 9254
10 6430 929 5041 68 2145 837 2468 9936 141 7629
11 8849 750 5532 5537 1059 9907 971 6267 3587 4938 5068
9 1566 3179 5206 7890 9454 9590 9585 8001 8588
12 7849 7781 8927 5476 598 1442 4018 9708 5619 3556 7163 987
12 9714 90 5209 8745 5298 8701 238 6727 2096 6747 8680 6263
10 4119 7096 9797 8464 6756 4082 5857 2310 5084 6296
10 3363 5233 9366 6046 2003 4476 5693 8572 8812 576
9 962 6257 9584 5751 3331 5102 8006 5223 4900
10 3831 4494 8969 1520 8872 9520 6844 2298 8076 2624
10 9106 5801 5564 4214 5516 2841 589 5303 3770 1477
9 6570 1573 3471 850 4009 4730 6395 4799 7743
10 835 3076 1339 1976 421 6794 220 4621 8649 3086
10 6808 3968 1595 8166 4966 785 4183 7489 1897 8944
11 3187 2191 4754 49 659 9899 3755 3114 7392 3544 2552
11 4661 5557 1816 3867 3259 9772 6123 2644 883 2021 8904
10 5835 4764 6770 336 6748 4200 2258 7880 9853 1671
11 2849 3265 726 5377 9408 1250 7721 6826 3651 5390 4110
10 9890 7006 3681 3149 9515 3118 8958 5163 3158 5189
9 6130 7245 9417 3643 8063 5654 8609 2435 2919
9 9159 7205 6265 3950 8906 6016 8381 6470 7024
10 7584 3929 7358 3735 1016 6580 5433 3780 3802 8668
10 1587 5535 1531 5881 5308 1794 690 8463 8687 1039
10 8097 1377 6687 8026 7351 3702 2295 7061 1167 5900
10 934 3198 5984 5462 9811 3757 3049 1998 4953 5090
9 1826 3665 4091 3582 5949 2840 1151 5312 4306
11 9053 1539 4338 6482 3811 8471 1441 7327 4358 4003 4691
9 2672 5756 1205 7742 9258 5499 4116 530 9203
9 7427 3247 6857 3763 4629 489 9235 6162 6630
9 3902 5336 1807 4217 1855 8293 7054 9415 4831
11 4852 8267 3169 2005 6474 6410 8250 1412 8488 1306 8123
10 13 9538 8543 6623 7323 1462 8320 107 6740 3280
10 8995 8383 8948 1590 2141 6262 9546 2771 2175 8325
13 9351 7576 8504 34 4099 5400 3164 6657 2106 8673 9393 689 6515
11 5455 4052 4989 3051 3099 5116 605 2801 2536 9781 5474
10 3448 8669 5721 3264 1448 62 9565 5010 2477 1089
11 5371 5777 6720 3333 7699 9190 1923 8564 5457 2001 110
11 2234 4049 2241 7922 2815 443 6618 319 2331 9949 4652
10 5254 27 3258 5031 1049 7769 2359 4969 1253 2457
10 7782 3496 3534 7724 1505 795 7412 9107 9220 4792
11 9581 6791 7395 7380 817 1776 7016 1784 3242 1602 4489
10 8099 9727 1805 1835 422 1659 9407 3300 4465 8874
9 6933 474 5967 5553 8053 6292 9485 674 789
10 4322 3119 5917 5566 8193 4628 8410 2774 1028 2071
11 7418 3511 9561 3128 3598 4195 2236 6643 5396 7078 6711
10 5959 7297 2365 1275 4607 9678 3917 8646 9854 2097
10 1717 6669 2332 3659 1890 9719 2673 184 2410 4483
10 9340 9243 7402 7798 2966 3703 1243 6817 8627 2595
10 8220 7794 2855 7581 7230 4152 4903 6902 7755 7415
11 175 8961 4169 69 6237 4817 791 9989 5772 3156 8055
9 7674 4581 1491 6030 4286 8937 9315 9495 4055
10 4172 5147 3772 8586 3623 4567 5478 3871 1127 400
10 8561 7566 5886 9224 9816 7203 9394 5742 6971 1532
10 5266 3704 810 961 5680 221 1245 2499 200 9093
10 1466 6980 271 2228 6177 1631 5022 1541 1730 323
10 8858 9957 4068 1278 3557 5368 6990 8377 1121 5659
12 3190 9246 3856 3519 7191 9754 1740 6912 9229 6393 2289 597
10 4078 8406 8934 6402 9219 9397 2167 7110 3934 5502
9 6507 612 3899 540 8615 7185 8620 8005 6572
11 6885 2265 2766 6640 2469 4933 6379 3854 8828 3777 4040
8 7256 4766 2876 7519 5883 7538 3465 8912
9 8725 8579 5528 3987 2752 2218 9456 6538 8723
10 7320 3042 7179 191 7481 1260 3847 6244 8506 6523
10 820 9446 8399 4067 7416 7259 2375 8791 5512 2689
9 2922 1599 6992 4279 3455 7668 7691 2322 3254
12 5482 4616 8980 8903 4318 2535 5210 610 6309 8423 8840 4341
10 4760 3628 528 9019 7232 8766 2301 1299 8398 3144
10 5552 8183 7475 7161 4386 9625 3019 173 1420 4641
10 6392 4634 8592 2971 357 9242 6128 6615 6473 5384
11 3145 1125 9492 2169 2430 4697 4355 1750 7278 5878 7046
9 804 7343 5898 8540 1241 5901 2238 7316 6860
11 724 7031 8977 1675 4250 5744 8500 7872 8264 9954 8593
11 691 286 1556 6871 1197 6876 2154 771 8577 1485 1693
11 6423 7324 7487 544 2599 2195 6481 4597 6522 4630 2511
10 8854 9371 8366 8400 7744 3405 6556 8924 1012 1370
9 3491 6319 1037 3524 2013 2279 8454 5748 6824
9 7901 7720 552 5387 3009 6452 2908 1725 525
10 3423 6603 5262 4503 8438 434 3537 5157 2179 2654
8 9814 5197 8324 8697 9504 3348 5760 6230
10 4611 7704 5740 2384 4834 7158 4395 888 4889 974
9 8424 2607 1751 3306 5020 5683 3558 4185 6344
9 9413 1408 7539 276 2767 5990 8239 106 7671
10 7678 9858 1364 4239 404 6485 6519 7891 9078 4432
11 306 42 5130 2813 7707 9095 5318 5058 1009 3185 9737
10 7229 7793 89 9378 6681 4530 3619 8263 8638 9376
10 1134 688 7569 9804 952 7679 4486 9848 2207 290
11 8544 1938 3482 7439 9251 2048 4739 35 6994 1895 7304
11 7833 3516 4662 8286 3932 4622 1430 970 996 4004 1007
10 6340 4115 8177 7552 7543 3836 6099 6919 3887 3229
11 7662 4759 6595 9236 6509 8273 4718 6007 662 8000 4500
11 7136 1753 8492 928 9120 9963 9302 9571 380 87 7036
10 2209 3384 6093 6961 3744 9165 5228 1888 9660 7097
10 7653 5354 2330 4006 9669 2323 3443 7768 9499 790
11 2098 3123 5467 108 6983 879 1961 8970 1865 4545 7955
10 4473 5608 9635 9940 3844 2049 8368 5201 7317 5074
9 2378 596 5934 1909 5658 6554 8494 6562 6329
10 3117 5370 5149 2715 4034 873 8257 7896 4562 5100
10 5062 4390 5966 8083 9263 3275 3091 3830 6312 8025
11 1579 957 9850 8797 3 6718 9489 3335 4089 4457 168
11 4801 6610 6635 477 6284 9874 6304 5875 8793 194 9889
12 5588 1817 2795 1330 16 4777 1380 3267 2391 794 243 356
11 2758 3860 8386 61 8699 2137 5671 91 3420 1620 2947
10 8450 2711 2890 5153 8613 1588 1593 7598 980 6567
11 526 3827 4808 1407 5999 5082 2918 150 2161 1098 2320
9 746 9662 3027 9175 5448 704 1368 2961 5366
11 2772 6897 3656 3476 4560 7773 5580 2027 743 8642 8499
9 1572 846 4870 5333 2212 1095 2745 6300 4363
8 2823 5771 8875 291 4636 1004 8349 9442
9 6950 4922 3383 3919 1220 2569 6036 3745 4736
9 9888 2803 2604 1421 6348 5610 7866 800 9308
10 2440 8568 7115 5185 1745 7723 6049 7467 9491 8483
9 9488 3181 7689 7648 7867 5525 5435 9619 409
9 3832 5889 2244 5226 4314 606 5302 5278 7651
10 9601 5008 457 9984 7575 2873 9238 6793 4017 2989
8 8453 2583 417 4715 2664 9665 3904 5183
10 3155 8205 1285 9930 5910 1562 9537 9439 7405 1545
9 4260 5475 2858 5258 9937 9055 7227 4194 3487
10 2156 1359 5942 8717 3764 73 365 8532 5168 204
10 9543 4543 3698 3126 931 5682 8737 5739 1549 2183
10 4398 1038 8134 7020 5151 2519 3479 484 5821 6531
10 102 8546 1842 4717 1715 8375 8679 5253 2542 4062
8 1965 3533 7929 8074 1076 8834 2728 8700
9 1785 4349 548 2012 2633 6985 6676 9240 3865
12 6781 9692 4994 1779 2252 9967 6753 5052 2450 4454 8042 9056
10 7851 3288 3503 40 4400 6421 3783 1344 2158 4931
9 8172 9887 5113 968 8445 9825 33 1882 9153
11 1472 1896 4751 8547 8936 2358 7022 7800 311 4444 4174
9 3883 9288 1704 2570 6516 163 4394 190 2843
9 9168 6021 8971 9042 663 5229 456 1944 1132
10 9435 3551 6245 2933 1175 6766 1203 7028 6944 8655
9 3581 5952 9459 5598 7430 167 851 9380 9658
8 9111 6001 8503 9384 1913 8285 3604 3388
9 4141 9248 5555 9632 7383 9391 6369 2142 3176
9 389 994 5908 8282 5416 792 7605 4315 9270
10 8090 8207 5077 6620 6073 3671 3001 7379 9338 5071
10 4753 862 450 130 676 2201 9462 8831 1657 1193
12 8946 436 9202 6765 9559 3696 504 8462 6221 9362 7468 1980
9 6197 4574 3460 3682 1756 4126 4093 6212 6584
10 3104 3991 8781 4436 7147 4553 3205 6854 8262 392
10 5030 1415 2152 6864 5855 7957 813 9184 7675 3784
10 570 1788 5846 6117 6677 1575 7719 9986 9808 1971
9 445 9498 7397 2459 7986 9147 2762 685 1242
10 625 8835 6600 4937 3536 4252 513 4134 9149 6069
9 1109 9157 8850 8950 1178 949 5863 6419 9339
9 3387 7574 7394 2756 1239 8651 4298 2247 8182
9 8372 5503 2205 2186 8663 8093 6359 4348 472
10 7277 9194 4057 7011 9052 9268 4867 9599 9172 7038
10 701 2198 4088 5134 9416 8277 4096 3151 3243 1304
10 4114 7883 4166 9933 6445 4408 4948 2409 4263 3398
11 4768 9764 1186 2263 8530 1515 1994 1996 1342 2194 9883
10 4967 7995 8394 3339 906 9627 4104 4015 6547 1083
10 6613 159 2557 6168 229 1969 8790 8848 793 565
11 3236 7545 7708 4769 3762 9484 3122 2642 2797 3882 7765
11 5604 2765 9166 7219 2396 4716 5783 2018 2433 9314 6037
9 7633 3235 8017 736 3050 3731 308 6652 7580
10 5832 4447 6294 2963 4165 4393 1639 1160 6295 8486
8 3766 2297 8851 3396 3238 4069 8741 2061
9 6845 3210 2554 5483 5423 1612 956 9990 8974
11 9014 8468 553 8919 9751 2147 8418 7361 4137 8460 8004
11 3709 1577 3505 7014 8829 7116 2401 4076 8328 425 1519
10 5703 1424 7694 2736 4529 4976 6710 3741 7142 1082
9 8502 405 5675 2614 1681 2992 1322 7927 4885
9 5057 9718 2649 3005 5520 9549 402 926 7812
10 7760 8657 498 2916 6005 5797 7149 3182 4325 4542
10 4466 1035 2777 7331 2479 4001 682 7338 9324 3130
11 9925 3153 1312 5914 1024 9428 53 4323 4745 4190 4559
10 1574 9213 9227 5263 9640 7728 7944 80 4588 3813
11 3922 9054 3693 4507 4957 3707 979 81 6389 2937 6268
9 7080 5383 656 2 4249 4248 1804 6361 2892
9 671 816 6151 2573 5724 1300 7513 4880 2846
9 7828 5944 8297 9079 5117 1760 2744 5570 4229
9 3240 1746 3694 5460 8681 6859 4524 9994 1792
10 152 1191 4773 5349 1152 7176 8050 9583 437 1248
10 3632 4259 6935 5696 7528 2053 745 7393 6186 8150
10 6891 9868 5865 6493 3620 784 4703 3625 3912 6715
10 2586 7609 7984 9951 6234 7144 6341 9406 4589 468
9 5465 352 128 6889 3391 1165 185 6978 5976
9 577 1130 7496 9702 8234 6746 385 8581 5523
8 601 1468 1860 6113 4887 8897 2679 8238
9 2146 7222 3618 60 8714 2429 3297 3100 4158
10 4949 839 3575 4327 3410 7667 2782 1707 2562 1423
10 666 9826 9756 4824 5148 1283 1854 9880 4193 7597
9 3756 9441 2482 9636 1025 4514 9183 2337 4413
9 8724 9688 2954 6155 2555 7381 939 7748 4396
11 6330 1387 5213 4802 3373 9974 3949 541 4487 8993 2646
9 78 7511 6578 5112 3992 3722 1440 1839 5322
10 1813 4796 5583 5794 9129 5713 8746 5170 1836 8040
9 3425 9328 8170 3044 3323 8954 2770 2687 5293
9 1048 1846 7638 3295 8884 1677 6686 36 7703
9 7132 9336 9732 9836 3292 1042 6205 2403 619
10 660 523 8513 1422 5144 1373 8569 4566 7993 8289
11 654 9440 4474 9787 1926 7976 2912 8726 3326 4575 1427
10 3720 9075 7244 6351 2024 9494 4472 6409 5769 9690
9 7937 4060 9699 7026 6313 1131 2738 5369 5055
9 2163 9942 4650 9806 9096 7572 4273 3654 1020
11 8078 4182 6785 9685 6973 7482 7842 9272 6979 2039 2538
11 7643 3877 3782 1113 4909 8162 9831 5867 9795 9851 230
10 8299 5241 854 7060 1644 4030 320 8389 9267 4446
9 2993 4236 1036 3150 7952 1592 2136 2233 4997
9 2414 3765 2940 2914 7436 4975 8036 1609 1852
9 94 8152 26 6925 1264 4302 9864 9939 431
10 3233 4568 4944 5815 2085 8910 9961 7878 5105 1883
8 7735 8434 1100 2168 2138 8718 4640 6847
9 2648 1196 3579 3268 1257 4639 2748 1810 1081
10 4469 8896 3630 4896 7992 7715 8201 3299 4247 1431
10 9742 6461 747 3951 1600 515 6616 8517 3500 5904
10 1187 182 9131 5668 6922 343 4307 2674 5146 7472
10 9872 2847 416 3201 6275 9777 7201 8911 1802 8458
11 493 4974 7448 665 2037 6767 4278 4221 1917 5343 8258
10 9215 9460 3701 9304 2353 9773 675 3203 7240 1120
9 1824 915 6363 1608 4175 6816 4692 6436 363
9 5645 1060 8356 1325 6242 3667 3281 1777 3340
10 2636 7787 7251 8120 1267 6822 9356 0 9451 3785
9 3209 8870 6092 4926 294 5714 3103 3427 2722
10 602 7494 1192 1499 9150 5542 679 1149 3018 3908
8 2830 6425 5115 4910 5522 1222 8154 7784
9 4077 7946 3385 9123 8966 2608 499 2281 5119
10 2563 8983 8625 7442 4192 6411 4828 1821 8876 8477
10 7148 4392 2000 170 9752 2058 1689 7777 2680 6472
10 7642 4238 7752 4311 5051 8957 4387 6215 5802 5490
10 2996 766 2442 2304 2239 7974 8178 9943 5969 1269
9 4071 6597 256 5109 1758 3881 3040 4521 7062
10 5046 8364 7979 1051 2965 5868 8417 2950 5159 5133
9 4830 4794 5156 3442 289 9121 9725 9798 4726
10 6956 4951 7042 6790 9097 393 964 9437 6331 1692
10 5014 8246 8440 144 1124 9629 7086 3486 9762 8211
10 9189 7030 8118 4455 7650 9241 6427 7369 8528 5023
10 2652 9589 910 3462 780 2677 8526 5784 7693 9260
10 5798 7235 7698 1597 2395 9721 7870 4809 74 9006
11 6229 9038 8227 3781 1398 2746 4313 1340 8251 7869 2230
9 5837 5324 6250 9621 3036 6105 5759 5401 7745
8 7313 5069 563 3518 304 703 2266 1610
10 8545 1247 6664 9612 8204 5896 147 9975 2601 9178
9 207 7175 1140 4917 3898 5706 7910 3984 9885
8 4980 1768 7969 3177 908 2531 4117 8493
10 993 1271 1148 1554 6278 8012 3272 383 8469 5403
11 2600 2496 4170 8566 9033 8992 2591 7751 3647 6750 9317
10 3873 4246 330 1066 1964 2701 6299 1258 9436 8206
10 6975 5388 5245 9385 3139 2775 930 9648 2303 6185
9 8698 4797 1014 6407 375 5348 4478 9084 3167
10 1204 6729 8143 1809 629 7087 6752 1525 5861 9634
9 2550 7871 2524 4415 1390 5166 9467 3489 6675
9 9960 554 2305 1737 5945 1521 2794 3905 6015
11 1808 2417 6879 1818 1080 4053 5912 473 2232 4724 4527
9 2091 5049 1862 8624 3411 1487 8553 3215 1207
11 9141 9861 6683 3679 3866 7249 899 7441 6764 5911 1189
9 9988 9257 5247 6283 8765 6703 43 9289 6097
9 558 698 5529 9130 3380 2057 8365 4385 3532
9 1568 1956 1139 3954 8421 6634 4048 2525 1118
10 5500 476 3312 2140 5574 3347 2920 3439 8274 9126
10 6812 5939 687 9128 4156 2101 5925 6738 5862 219
10 138 9820 6655 6150 678 5796 941 6866 720 4145
10 1833 227 7458 9884 8072 1282 7526 174 901 1307
8 2713 9791 5129 7367 919 7464 2541 1555
10 5634 773 1712 8003 5826 6322 4795 7561 5822 7661
9 1925 1691 5237 1822 3367 8266 9477 1735 9733
8 1942 7309 7109 2135 5705 9329 5177 9870
10 9360 3361 3914 9286 4587 6027 630 1898 8641 4079
10 5160 8590 551 9755 6032 8820 6779 6286 5757 3774
9 8551 1425 7335 6102 6000 5 250 6553 7455
9 7047 9695 3064 6563 5126 4282 9753 177 9274
10 9211 5136 1410 5968 8046 1229 8968 9461 1767 5496
11 8595 314 1067 8890 1558 7790 1236 5079 6274 5053 5704
9 5673 1348 2399 5829 15 8913 3513 3429 5142
9 6227 8654 874 3953 7180 236 1904 6550 2132
8 3815 6200 6936 4084 1133 134 7981 1679
10 8786 3060 6488 5472 2906 706 7299 9182 8322 5879
9 9284 5613 9522 3855 1985 7637 9622 9044 734
10 4904 1492 4122 5127 6910 2126 1547 3803 1871 6364
9 1386 3878 7982 8751 4983 4722 8292 5935 4460
9 4397 8339 5511 3322 5086 1604 572 6874 925
10 8044 6062 6970 4046 3716 740 7915 9898 5301 9327
9 6557 7015 6258 1700 2166 216 7960 4025 7390