4 6599 6668 6888 9352
4 45 1752 6959 6699
4 8033 2381 6214 3921
5 6428 2452 6347 2418 1863
4 6440 2698 4433 5345
4 719 8472 5595 5545
4 4467 8184 3937 8885
5 2603 4065 2864 4632 4803
4 9738 9155 1893 6463
5 156 3075 2202 7173 2350
4 2584 6638 626 3324
5 8141 2517 1040 7329 5534
4 9475 8607 1365 487
4 9191 7382 5334 5128
5 3440 8039 4701 2874 9956
4 3016 4107 8710 9039
5 327 7855 7918 446 3350
5 3039 8407 6931 4996 5207
4 1141 4805 9992 7864
4 2822 482 9591 350
5 7138 3256 3833 4660 9073
4 9321 1831 8415 3903
4 4523 6982 7529 7253
4 7318 9594 2793 2693
4 9822 8128 9361 2769
4 2995 1660 2785 7384
5 2150 1641 8523 8481 9785
4 8103 1512 2836 8778
5 2446 3249 5955 3972 502
4 6042 4303 1983 3560
4 1179 9443 9743 9606
5 5876 5325 1734 8565 9273
4 2851 9447 5938 1417
4 1434 7822 8447 2512
5 4891 395 9136 2069 4219
4 5919 2090 6796 429
5 2635 8644 3775 5195 6231
5 6056 9282 7216 8952 8841
3 3353 4066 3260
4 1769 2086 1021 2472
4 187 9740 1670 4
5 2870 4671 6152 7611 8052
4 1959 8085 8125 7636
4 2734 280 5903 2042
4 9058 8730 6890 8949
4 7914 7639 3501 273
5 333 4189 1143 9037 9506
4 9049 9031 5653 667
4 2038 4878 3911 7516
4 3636 23 1924 9592
5 8598 3562 1062 7183 1772
4 2805 8404 2351 5669
4 4960 1764 9117 6928
5 681 3592 7613 9470 4480
5 9145 4935 1030 2335 5965
4 5260 295 8121 6475
4 4804 7606 7695 896
5 9670 377 8653 7421 5310
4 7426 5326 8740 479
4 6198 8709 1437 3302
4 6261 4501 8432 6416
4 2921 3492 9747 3316
4 9392 3590 9913 3640
4 2223 8315 328 9646
4 9832 3611 4765 6819
4 9180 275 8431 7894
4 1999 7337 9104 7120
4 2717 6543 5492 6778
4 6424 6497 702 6382
3 9696 8678 4458
4 3183 9445 4807 7449
5 3660 1711 6154 4481 5632
4 9151 7186 811 6003
4 3875 5097 5973 3172
4 586 3025 8080 4535
5 6096 3216 534 2182 9966
5 2368 5524 5941 9568 5997
4 8057 6671 8073 2640
5 6430 929 5041 68 2145
4 8849 750 5532 5537
4 1566 3179 5206 7890
4 7849 7781 8927 5476
4 9714 90 5209 8745
3 4119 7096 9797
4 3363 5233 9366 6046
4 962 6257 9584 5751
4 3831 4494 8969 1520
4 9106 5801 5564 4214
4 6570 1573 3471 850
4 835 3076 1339 1976
5 6808 3968 1595 8166 4966
5 3187 2191 4754 49 659
4 4661 5557 1816 3867
5 5835 4764 6770 336 6748
4 2849 3265 726 5377
4 9890 7006 3681 3149
4 6130 7245 9417 3643
4 9159 7205 6265 3950
4 7584 3929 7358 3735
4 1587 5535 1531 5881
5 8097 1377 6687 8026 7351
4 934 3198 5984 5462
4 1826 3665 4091 3582
4 9053 1539 4338 6482
3 2672 5756 1205
4 7427 3247 6857 3763
4 3902 5336 1807 4217
5 4852 8267 3169 2005 6474
4 13 9538 8543 6623
4 8995 8383 8948 1590
5 9351 7576 8504 34 4099
5 5455 4052 4989 3051 3099
4 3448 8669 5721 3264
4 5371 5777 6720 3333
4 2234 4049 2241 7922
4 5254 27 3258 5031
4 7782 3496 3534 7724
5 9581 6791 7395 7380 817
4 8099 9727 1805 1835
4 6933 474 5967 5553
4 4322 3119 5917 5566
5 7418 3511 9561 3128 3598
4 5959 7297 2365 1275
4 1717 6669 2332 3659
4 9340 9243 7402 7798
4 8220 7794 2855 7581
4 175 8961 4169 69
4 7674 4581 1491 6030
4 4172 5147 3772 8586
4 8561 7566 5886 9224
4 5266 3704 810 961
4 1466 6980 271 2228
4 8858 9957 4068 1278
4 3190 9246 3856 3519
4 4078 8406 8934 6402
4 6507 612 3899 540
5 6885 2265 2766 6640 2469
3 7256 4766 2876
4 8725 8579 5528 3987
5 7320 3042 7179 191 7481
4 820 9446 8399 4067
4 2922 1599 6992 4279
5 5482 4616 8980 8903 4318
4 4760 3628 528 9019
4 5552 8183 7475 7161
4 6392 4634 8592 2971
4 3145 1125 9492 2169
4 804 7343 5898 8540
4 724 7031 8977 1675
4 691 286 1556 6871
5 6423 7324 7487 544 2599
5 8854 9371 8366 8400 7744
4 3491 6319 1037 3524
4 7901 7720 552 5387
5 3423 6603 5262 4503 8438
3 9814 5197 8324
4 4611 7704 5740 2384
4 8424 2607 1751 3306
4 9413 1408 7539 276
4 7678 9858 1364 4239
5 306 42 5130 2813 7707
4 7229 7793 89 9378
4 1134 688 7569 9804
5 8544 1938 3482 7439 9251
5 7833 3516 4662 8286 3932
4 6340 4115 8177 7552
4 7662 4759 6595 9236
4 7136 1753 8492 928
4 2209 3384 6093 6961
4 7653 5354 2330 4006
4 2098 3123 5467 108
4 4473 5608 9635 9940
4 2378 596 5934 1909
4 3117 5370 5149 2715
4 5062 4390 5966 8083
4 1579 957 9850 8797
3 4801 6610 6635
5 5588 1817 2795 1330 16
4 2758 3860 8386 61
4 8450 2711 2890 5153
4 526 3827 4808 1407
4 746 9662 3027 9175
4 2772 6897 3656 3476
3 1572 846 4870
3 2823 5771 8875
4 6950 4922 3383 3919
4 9888 2803 2604 1421
4 2440 8568 7115 5185
4 9488 3181 7689 7648
3 3832 5889 2244
4 9601 5008 457 9984
4 8453 2583 417 4715
4 3155 8205 1285 9930
3 4260 5475 2858
3 2156 1359 5942
3 9543 4543 3698
4 4398 1038 8134 7020
4 102 8546 1842 4717
3 1965 3533 7929
4 1785 4349 548 2012
4 6781 9692 4994 1779
4 7851 3288 3503 40
4 8172 9887 5113 968
4 1472 1896 4751 8547
4 3883 9288 1704 2570
4 9168 6021 8971 9042
4 9435 3551 6245 2933
3 3581 5952 9459
3 9111 6001 8503
4 4141 9248 5555 9632
4 389 994 5908 8282
4 8090 8207 5077 6620
4 4753 862 450 130
4 8946 436 9202 6765
4 6197 4574 3460 3682
4 3104 3991 8781 4436
4 5030 1415 2152 6864
4 570 1788 5846 6117
4 445 9498 7397 2459
4 625 8835 6600 4937
4 1109 9157 8850 8950
4 3387 7574 7394 2756
3 8372 5503 2205
5 7277 9194 4057 7011 9052
4 701 2198 4088 5134
4 4114 7883 4166 9933
4 4768 9764 1186 2263
5 4967 7995 8394 3339 906
4 6613 159 2557 6168
4 3236 7545 7708 4769
4 5604 2765 9166 7219
4 7633 3235 8017 736
4 5832 4447 6294 2963
4 3766 2297 8851 3396
4 6845 3210 2554 5483
4 9014 8468 553 8919
5 3709 1577 3505 7014 8829
4 5703 1424 7694 2736
3 8502 405 5675
4 5057 9718 2649 3005
4 7760 8657 498 2916
4 4466 1035 2777 7331
5 9925 3153 1312 5914 1024
4 1574 9213 9227 5263
5 3922 9054 3693 4507 4957
4 7080 5383 656 2
4 671 816 6151 2573
4 7828 5944 8297 9079
3 3240 1746 3694
4 152 1191 4773 5349
3 3632 4259 6935
4 6891 9868 5865 6493
5 2586 7609 7984 9951 6234
4 5465 352 128 6889
4 577 1130 7496 9702
3 601 1468 1860
3 2146 7222 3618
4 4949 839 3575 4327
4 666 9826 9756 4824
3 3756 9441 2482
4 8724 9688 2954 6155
4 6330 1387 5213 4802
4 78 7511 6578 5112
4 1813 4796 5583 5794
4 3425 9328 8170 3044
4 1048 1846 7638 3295
3 7132 9336 9732
4 660 523 8513 1422
4 654 9440 4474 9787
3 3720 9075 7244
3 7937 4060 9699
3 2163 9942 4650
4 8078 4182 6785 9685
5 7643 3877 3782 1113 4909
4 8299 5241 854 7060
3 2993 4236 1036
3 2414 3765 2940
3 94 8152 26
4 3233 4568 4944 5815
3 7735 8434 1100
4 2648 1196 3579 3268
4 4469 8896 3630 4896
3 9742 6461 747
4 1187 182 9131 5668
4 9872 2847 416 3201
4 493 4974 7448 665
4 9215 9460 3701 9304
3 1824 915 6363
3 5645 1060 8356
4 2636 7787 7251 8120
3 3209 8870 6092
4 602 7494 1192 1499
3 2830 6425 5115
3 4077 7946 3385
3 2563 8983 8625
4 7148 4392 2000 170
3 7642 4238 7752
4 2996 766 2442 2304
4 4071 6597 256 5109
4 5046 8364 7979 1051
3 4830 4794 5156
3 6956 4951 7042
4 5014 8246 8440 144
3 9189 7030 8118
4 2652 9589 910 3462
3 5798 7235 7698
4 6229 9038 8227 3781
3 5837 5324 6250
3 7313 5069 563
3 8545 1247 6664
4 207 7175 1140 4917
3 4980 1768 7969
3 993 1271 1148
4 2600 2496 4170 8566
4 3873 4246 330 1066
4 6975 5388 5245 9385
3 8698 4797 1014
4 1204 6729 8143 1809
3 2550 7871 2524
3 9960 554 2305
4 1808 2417 6879 1818
3 2091 5049 1862
4 9141 9861 6683 3679
3 9988 9257 5247
4 558 698 5529 9130
3 1568 1956 1139
3 5500 476 3312
4 6812 5939 687 9128
3 138 9820 6655
3 1833 227 7458
3 2713 9791 5129
4 5634 773 1712 8003
3 1925 1691 5237
3 1942 7309 7109
3 9360 3361 3914
4 5160 8590 551 9755
3 8551 1425 7335
3 7047 9695 3064
3 9211 5136 1410
4 8595 314 1067 8890
3 5673 1348 2399
3 6227 8654 874
3 3815 6200 6936
4 8786 3060 6488 5472
3 9284 5613 9522
4 4904 1492 4122 5127
3 1386 3878 7982
4 4397 8339 5511 3322
3 8044 6062 6970
3 6557 7015 6258