22 6599 2163 4060 276 4311 4009 62 1238 1411 4885 9973 4435 1214 1972 1046 2549 5827 9596 6476 5468 5421 8071
22 45 8346 1364 5942 6983 9790 7016 1009 6615 4413 2799 7039 67 6010 2817 8135 3400 7438 5038 4991 1065 6196
22 8033 3562 3856 5476 6459 9428 7185 6167 8517 9658 790 9575 9750 1262 7344 713 5731 6963 2319 591 2676 7954
22 6440 6956 8983 5345 7699 8439 1236 365 9059 4831 5397 9012 4212 9311 4602 920 6653 5242 1338 9083 4606 8676
22 6428 9594 4166 9522 4966 2395 8293 4015 6215 5090 7190 9412 9051 832 4011 984 1456 7437 3056 535 3969 6536
22 9475 9960 7787 4870 5696 2144 5744 9315 1420 356 3545 4243 8335 6951 5994 6072 4737 299 6938 8138 6525 7913
22 2603 7229 4797 6046 6620 338 9825 2096 3243 5235 1852 560 2539 8826 9217 5346 1383 8158 4868 9016 5929 8280
22 156 4049 6687 7929 7890 3380 4495 7988 6919 1132 7268 1548 5292 3685 2171 3753 7778 2200 6110 7710 3965 3523
22 9738 3240 3878 8356 3866 571 7408 3300 9495 5183 1431 5096 9809 5691 58 6846 5026 4406 2684 2362 562 6805
22 4467 395 9820 5156 6748 1907 7842 9485 8256 848 9690 1899 7554 2977 6836 4177 8498 9674 6759 4499 4663 346
22 2822 8502 1691 6754 7026 593 2295 6128 6978 409 4163 4844 3975 9250 3003 3692 4549 1376 6939 3245 1090 1617
22 3039 6227 6214 9646 2756 1715 791 5670 6979 4931 7614 8889 1618 9287 3028 6706 388 8333 6417 7373 8930 1078
22 8103 2830 1247 6463 1863 2664 5610 6036 6854 789 5508 2062 8801 9068 7112 1894 8200 2425 3329 4894 4142 4816
22 2584 3265 811 3333 5566 8693 4553 9565 8263 1610 168 6672 334 1147 231 7044 1536 8837 3473 7083 104 9114
22 7318 3611 4543 9506 2396 629 3703 185 8828 8182 5070 4818 3290 6809 178 4332 3129 8843 1710 8459 1334 1979
22 5876 3581 5041 8027 9219 5724 9242 1344 7317 5434 392 7906 8106 4410 1401 8362 2219 1013 7079 4441 5563 9638
22 2995 5030 726 5472 3268 9115 7865 3741 8506 7038 1189 4657 3020 1544 5093 2077 1840 8414 3754 3973 5858 9313
22 2150 7735 2793 6819 2526 5713 4903 7526 380 2624 4241 4153 8189 3011 3828 264 1927 4054 7425 8674 6372 5089
22 1179 7132 7235 9685 2755 9974 5693 2762 8349 5074 4292 3494 4100 8752 8149 6624 1272 6628 7476 4987 8612 2240
22 9822 2156 4794 665 9286 7769 5714 8454 6218 6675 2243 4990 5661 5198 9411 1068 3409 9525 8186 9294 4731 4029
22 719 5370 7918 26 2145 7147 8991 1222 3465 3683 9056 3431 5768 2019 1968 8926 2315 7829 2174 1400 7372 2471
22 9191 5524 7984 5965 4151 1380 7637 7467 8423 5838 257 9908 7596 5874 1452 5114 9119 64 5246 463 6034 8729
22 1434 7313 5149 1014 1756 5020 6731 466 1433 8904 4040 3286 8769 2686 5132 1664 7795 4164 5495 179 2172 5961
22 2446 1817 1348 7042 4046 837 1994 3348 5296 7046 9420 7387 5395 3136 2114 9716 2034 1632 7428 4016 6937 7530
22 7138 5645 9117 5794 3396 5251 5706 7891 5274 5502 6069 4374 5347 3771 1170 234 2708 3113 801 2208 7446 2621
22 2635 3756 314 8503 6756 7482 1093 93 5512 1219 2835 7032 3453 249 539 2251 4815 3359 8495 6685 9271 5364
22 187 5354 5503 2512 9073 4123 813 1865 7981 1555 1683 9545 5488 6024 6026 9290 5790 3571 2029 3142 4206 2764
22 1959 8299 7793 2693 6407 2212 8594 3297 8645 9231 6185 9689 8659 9458 9334 6743 1571 1346 248 1087 3357 9062
22 8141 5703 9913 1066 3582 1985 4788 5446 3745 550 8055 3058 8844 9434 8883 3963 6726 4470 8269 3714 4211 3413
22 6056 7609 5967 2205 1964 873 5901 3090 8377 2415 7610 4168 1319 2004 1774 6321 6323 1351 7040 774 5979 4536
22 2734 1938 8654 2524 3524 1025 3847 964 4454 8486 3850 4443 3131 9365 5122 5842 3939 7365 4812 2665 4333 8467
22 9058 2091 3833 5545 2614 1016 6027 4137 190 4079 2909 9089 4689 3246 5504 3463 4614 1906 5554 6777 2742 4445
22 6198 2414 9460 144 6150 4976 1042 8968 6793 9733 4520 2928 2699 6486 8279 7656 2951 255 4143 3372 1284 765
22 3016 4260 1437 1205 5207 4250 4627 6244 9619 9339 4262 521 8611 7549 4288 2372 8764 8133 7103 1043 7170 1663
22 333 5673 8432 1818 1560 4165 5671 43 8235 1679 5382 6287 8145 6811 1482 2151 3662 3552 1265 7963 5893 5264
22 9670 3075 9868 502 3126 1239 220 1245 1194 2843 413 5064 2184 4081 2759 3180 8242 5884 4305 6682 4269 1475
22 6261 4830 3991 61 7084 375 3346 3528 3647 4900 3313 7753 292 3879 4918 270 14 6512 7628 5444 8048 7113
22 2921 8184 5771 7335 8540 4573 1095 9184 3427 1193 4334 4519 9072 855 2800 3495 6991 9103 4389 1582 7940 7454
22 2870 1833 4701 6416 9884 2049 5166 8737 1821 5293 2280 4401 4906 4511 580 95 4700 381 2026 9911 3736 4772
22 9151 9858 8177 6623 1745 3266 2359 1770 7927 9006 9363 5304 8616 4215 4829 4312 9630 414 3880 9239 3809 7391
22 4891 2182 4766 6970 1422 1462 81 4828 2613 4289 5429 1557 4456 5600 1885 2869 1173 2407 2754 3690 944 1902
22 8598 2563 5952 6482 3518 8697 2058 9272 7748 8723 7472 1889 527 710 5820 4365 379 3928 8684 1803 7226 8881
22 5260 8085 4057 6635 7323 6718 8711 8365 8036 2919 1074 3392 140 6388 1146 4167 4129 7881 3162 6199 4982 7736
22 327 8607 6610 1036 1442 3164 2057 173 4465 2960 4856 2052 9116 5219 2617 7102 2714 4645 905 1748 5494 7311
22 9145 2381 5532 4803 3612 1795 3443 2242 36 6160 6531 4293 1742 6941 3220 2225 183 3109 6120 6788 2733 8209
22 3183 625 7708 563 3762 8714 4096 7054 5739 4370 8013 7771 5281 1952 9008 5443 1606 8847 646 1252 7821 7303
22 681 2191 9791 3385 5263 8277 343 7347 8914 1310 4579 5964 7838 1056 5152 8355 1736 6466 5841 1006 3097 4563
22 2223 6791 3765 3519 2293 9980 7086 4394 1882 1477 3835 3670 2705 3695 9800 4148 9830 471 3276 3732 6349 3032
22 2368 3832 2332 9797 4442 7845 8462 8791 888 5277 7409 5279 6098 2724 989 7171 2631 5614 4261 5458 28 4558
22 9392 8579 3503 5675 1175 4018 7607 2748 2679 5975 6263 9793 223 600 9002 5270 2226 583 1523 6469 1476 3862
22 3636 9328 9257 5462 4415 6504 167 4350 9675 4483 5547 1493 6310 8446 9763 9355 1469 649 8921 761 8570 8173
22 835 1660 328 1779 4034 678 7572 7513 1525 9308 3105 6191 8899 6646 8807 9430 4814 1195 1652 2974 2277 988
22 9832 5325 2241 3618 9636 4227 9537 939 4953 1120 4062 4687 9007 133 643 5540 9047 5154 7635 3550 3768 8923
22 6096 482 7395 9236 3373 5416 740 3644 6562 3675 1680 7195 5137 3303 9256 4669 1391 1 6336 1379 6468 1362
22 3660 3968 3361 8919 6973 6278 5368 5424 3192 3130 8122 6707 9249 4601 1914 917 1511 303 490 3466 4285 3725
22 7849 4107 9942 9940 3295 721 1677 1160 5315 9885 1849 7811 3174 6192 8675 5477 494 5493 2700 3666 1159 4849
22 9053 1764 4338 487 5855 4391 4942 9235 8848 3678 5904 3315 8455 683 838 3211 2889 211 5043 2490 6373 8357
22 3440 929 5941 4769 8327 4933 4278 7065 7240 7629 8668 4732 529 428 1771 1413 2658 6905 5415 5078 488 9744
22 2717 1568 7448 4067 7109 8549 8368 134 9240 3167 373 2050 1371 1701 1103 623 7888 4557 3371 3089 5271 4024
22 6430 8404 182 928 3953 2147 6049 6437 8460 7580 4489 84 5766 5848 3446 9252 9264 1763 8827 19 9234 9840
22 2234 8039 3693 7120 3844 5066 9856 8897 5760 3304 7450 9857 3310 7701 2204 8223 1057 4946 923 6314 5871 5363
22 4523 2648 5595 8118 1325 309 5796 4969 6764 5900 3362 353 1935 4382 6757 2006 5479 7994 6792 438 1569 1041
22 3187 1599 1365 5237 9806 2201 4093 1322 6547 7671 5749 1724 9372 8390 3061 3896 8221 2447 8571 4405 7786 9333
22 1566 7642 1734 747 5612 4697 7087 3854 5390 6523 5514 4223 2382 3923 4723 700 2821 4043 8107 807 1984 7469
22 3448 8546 6879 3679 5116 3036 8281 6686 8649 8588 3637 3191 7370 954 3054 2185 4955 2411 8259 2650 8380 1072
22 2849 377 8386 5537 7279 2746 6779 3151 4385 468 8258 4019 1960 8775 9959 8780 7499 9717 5060 1201 9028 5576
22 5371 3877 9992 1139 906 304 555 8572 8249 3234 8511 5327 1747 8332 3942 4477 2466 6877 9017 6394 7627 1843
22 6130 2711 4754 1148 3259 9322 8257 771 8389 4229 8224 7706 9218 8639 3646 9588 418 7353 7879 9401 4939 5339
22 9106 9054 9336 6935 1024 215 1055 250 22 1304 6357 3194 8821 7620 5720 5373 1616 4482 8367 5139 5283 3624
22 5266 8267 4568 9699 7985 1264 7022 8679 3780 4388 7847 4127 5352 6187 9902 604 8975 8310 3378 1970 5676 1381
22 5959 2996 2785 2482 8872 4286 6618 5157 8251 987 1516 7672 7830 1929 4598 7853 2462 887 2118 8161 3140 5328
22 6570 1824 8125 1860 6374 7790 489 541 926 4432 8131 5412 8861 9135 8650 998 9011 505 4787 5778 7535 1208
22 6933 9194 7031 5185 2195 7144 8726 184 3037 3254 8358 9482 564 1091 3941 7033 8288 1654 9626 549 8704 7092
22 5455 6021 6796 3324 9612 1631 1138 2531 7592 2061 1360 6862 1695 8020 4862 9666 3641 1781 4202 847 7211 6825
22 9351 1204 9166 6928 3811 9761 2468 3619 9393 7045 5035 8047 2720 3449 5800 6904 8529 8196 6526 3252 9026 8101
22 2922 6190 6578 7581 2506 2352 5682 3326 2470 3784 391 2986 2355 3705 1838 2060 4232 7999 2246 2580 1332 5145
22 3353 7382 2335 2715 2048 5082 35 7028 5887 925 21 7400 1405 9769 1494 7310 775 613 9928 9946 1356 2438
22 5835 2517 1196 1909 1421 294 2258 3103 8154 431 2097 7345 1320 4919 157 3684 903 6962 3222 9807 1008 2102
22 9581 3104 553 3921 8699 8701 6566 3040 383 8211 5238 4032 8448 5854 6873 3389 5594 461 9706 2192 2081 7451
22 4172 5147 6729 2933 9129 6556 4302 6395 2194 5700 5059 3606 3314 8371 1892 5095 6223 3193 8429 4649 3296 3307
22 8725 9445 6200 5377 9735 3680 5499 1998 9457 4641 7484 5329 2148 2589 2683 5214 3499 9553 1656 6140 2361 6391
22 3190 5801 6461 6655 432 6348 9302 7878 5253 6572 3336 7824 5834 8482 7948 1866 4750 5252 3261 7070 5745 366
22 7678 3384 1040 9251 6102 3757 6500 3486 901 9270 1011 54 8536 7150 5606 6462 3047 3068 1845 8403 4233 9649
22 1134 5262 5846 8586 9416 3716 8526 5596 141 7703 8794 3146 7429 9233 1145 9196 4970 3602 4498 6020 7971 8557
22 586 3198 4632 7636 7742 7723 7406 5850 6971 5355 2802 2808 4667 412 4371 4230 2130 4321 1246 6035 5165 1455
22 7320 5955 8678 3316 8906 9907 4730 7598 9990 1081 8652 8878 4658 1870 6375 8597 633 9046 9266 6064 4208 7250
22 8450 9360 5583 5031 9669 9096 4309 1440 4117 4174 9835 5420 2780 799 8109 1457 4819 302 7003 7041 1026 8430
22 691 9246 9366 4214 1124 1562 1373 5303 5748 2689 3508 1723 8558 3893 866 9876 1887 1789 6443 9195 8301 8748
22 2038 6982 2890 1862 4715 3411 2429 1784 1127 5523 594 1002 322 7388 1507 2324 112 7273 355 5605 6568 7145
22 3831 957 1956 4458 2767 5949 792 7777 9415 3532 5530 7334 3721 3368 2560 5695 5485 2309 7023 9897 6605 7862
22 8854 94 3128 4239 4455 7249 4183 1151 3821 4055 7036 9979 1919 6665 2615 4373 7159 4103 2420 9693 3093 469
22 9180 4501 9591 6003 5333 6421 4076 5218 9186 7024 9375 1825 6085 5367 3034 6540 407 3004 8271 6604 9656 1274
22 7418 8669 5889 40 1049 8884 2346 7866 4185 1797 7875 1329 2389 430 1856 9421 3650 8757 5733 9005 3935 3593
22 6885 750 548 7922 1059 5860 6304 6902 3100 3388 1256 4440 8507 5817 7739 9616 999 8480 7133 8869 6514 3561
22 5482 7205 554 5669 7295 1659 610 4116 4589 3086 8877 4988 4379 1483 7130 2741 2224 8702 6083 9944 8340 5141
22 1999 3860 2330 9732 9384 8765 7149 9745 9491 6276 7761 8008 9216 6143 5075 3437 2108 834 1910 6957 945 6109
22 2758 4581 7015 6864 3410 3283 1282 2745 8000 219 5297 7423 7941 6114 6006 669 5643 9471 6058 7582 8212 9206
22 9159 7794 5984 4318 9817 2768 6816 9622 1306 5976 3262 7939 4696 8094 557 9424 4538 7808 2625 3976 5321 3087
22 6042 280 5245 6699 6910 6767 5867 7915 2983 2176 5597 1395 2495 6601 3441 9729 8999 4704 1366 348 6297 5902
22 5254 1788 5334 8625 9120 2166 1300 9571 7316 4736 4124 7863 3834 6829 5027 5943 4027 8720 8233 1733 7599 8521
22 3117 6257 7569 6250 2860 4005 1131 4621 1253 4306 1668 2891 5852 3778 831 9595 5648 5688 4475 4439 4225 8229
22 7833 8545 8434 479 8261 7180 6710 7872 8812 7597 3742 7000 3435 6137 6208 7184 8982 9426 3728 1884 6700 6855
22 7426 1377 9584 7698 7442 2036 5478 2908 1836 3865 2055 8505 2044 5840 7114 4421 3512 5205 7141 8496 7749 315
22 6340 3720 5136 736 4400 3671 5683 6112 8518 4110 2509 1166 1920 7118 3894 7924 6924 8425 5655 5920 2958 7017
22 8544 1573 9441 8566 9836 6520 970 9439 2917 7390 332 6590 123 6735 5135 8942 3927 762 9345 8525 2641 2356
22 2851 6557 5475 874 9273 4248 5058 7896 3905 5425 1233 1045 3356 2235 382 9232 5642 2663 8291 4686 5807 8359
22 2098 5837 5492 1407 60 979 704 5170 177 111 9976 384 7877 909 1905 9877 4125 2181 6695 9801 1343 6116
22 2772 3288 3937 5115 422 1515 132 1340 4545 358 6800 5533 1933 3321 1308 169 6078 8155 7027 4886 9578 269
22 5588 2698 9037 7982 9382 7485 3783 8328 1485 4264 4647 1867 7560 2354 4551 3674 9323 5573 9929 8208 7255 7657
22 7136 7047 5324 9933 8613 2339 8957 6866 4874 9153 4204 5550 7443 3730 4448 9668 6861 7129 3852 7826 2816 4755
22 2440 3209 9695 2263 4607 2137 3949 7359 4724 204 8760 3055 8721 3251 4199 6365 6977 1156 599 9614 6095 3691
22 306 1752 4951 5134 5298 5868 682 7441 5439 1532 8499 9993 8604 7860 8378 4280 2593 884 2988 967 7814 9402
22 8172 4949 8543 5129 1597 6876 8865 1904 3429 8238 1837 2426 2262 2014 522 4488 9214 6724 4056 5288 6458 4013
22 3491 3076 5197 7552 1080 5313 971 6369 8441 2132 9548 8859 5890 9043 664 3525 8972 8034 3615 5602 3178 1514
22 3883 7855 5528 7752 3150 785 8417 1342 6436 4031 1694 5480 9628 189 6591 214 6384 6315 2702 5034 2035 9479
22 6781 688 4765 6258 5826 919 9504 6286 6559 8974 6697 4533 8939 3981 5581 7126 6376 1224 7510 829 4203 8382
22 389 5233 8927 9755 1398 9629 8634 9406 5105 6795 4898 8284 6581 8185 3175 1054 8599 7591 307 5923 1234 5814
22 1717 4980 8710 2876 6275 5945 899 8718 74 8483 2513 6183 5441 7712 213 5519 1047 9262 2164 3485 3843 6108
22 8858 474 4259 1590 3954 2126 4514 6752 4758 7745 5793 3298 5803 4749 2666 367 8276 9624 7684 6949 1157 8508
22 1826 4671 8170 9459 6790 3733 393 2744 5176 3785 8917 4028 3416 4294 6741 9681 193 4493 7225 9237 4007 3689
22 1785 5326 9104 3698 9123 1257 8754 3871 1777 565 9842 6651 6882 6129 5220 3344 6170 6050 4860 6691 2787 6158
22 4611 9440 8971 7219 291 1961 2840 7117 8793 1427 1290 6252 9466 9414 844 6439 5590 6326 8304 4513 6165 3526
22 9413 9764 8492 8875 1197 4175 9329 8620 4880 4500 9771 2122 3134 6878 5716 7053 7546 7292 9162 3337 4508 3726
22 1141 6543 1842 2916 7579 2701 4948 883 6312 1083 8602 6354 907 7001 5230 5577 9734 1950 1702 6589 6934 9086
22 7851 4494 1339 7384 2186 605 6622 662 2680 1519 7473 5309 3121 9081 4779 8732 7622 4094 1903 8817 6131 5172
22 9049 9446 3772 5153 6445 2358 2154 2334 4575 6296 7209 1908 9187 7740 2424 5299 9209 4191 4842 5616 5626 1699
22 6507 9740 1746 4650 9621 7957 5052 3281 8005 8912 4665 872 2408 1102 8761 8578 7898 3085 6853 279 8021 3750
22 820 7613 1768 7458 1505 9625 147 4472 9324 9442 9921 4101 5290 4583 1662 3657 3799 6946 9867 8692 329 885
22 8220 2765 6265 6231 8833 5051 5348 760 5312 5763 7942 822 1003 9464 9381 1416 6204 5899 1216 246 3564 242
22 2805 7186 3681 2399 4777 684 8375 4395 243 3212 833 7108 9906 6298 3801 2015 4033 3960 100 5061 2880 757
22 5604 8246 3911 4937 4926 8910 9909 6057 9044 6630 3078 9247 5830 4546 1249 5646 3639 716 5980 7398 2932 3980
22 1769 9443 4122 2012 2479 3292 2710 209 5053 2722 4460 9029 4428 6701 9923 2300 8401 5825 524 6571 2543 6089
22 3875 4574 3258 3659 7543 4636 8176 4358 743 5704 3280 6927 116 2811 2704 815 7673 507 6678 1649 6401 9682
22 7277 4634 3972 3987 1554 4408 2106 6522 5406 4446 4857 8159 1034 8509 1135 3137 3567 1973 705 7098 8600 9715
22 4967 4759 5973 5112 676 4192 5351 6309 2142 4864 2028 7068 7990 6908 4633 6166 4240 5810 8626 763 401 8136
22 4114 7781 687 2 2578 9258 1229 5759 685 576 5413 9502 5828 7884 2893 1819 3418 2379 9726 7241 8064 3739
22 102 3704 5069 6402 3 2401 9540 4273 7660 1007 6609 1799 2276 3010 6228 7271 1918 4738 7285 3916 5620 9210
22 5919 3827 8870 5881 8063 6255 3667 2238 530 9737 1104 2474 4547 7663 1094 7307 8960 8336 500 1757 2073 1155
22 6613 2713 8740 3149 8053 4587 1674 8873 2161 6567 995 3407 567 2675 1458 4414 6106 9587 9922 6247 201 7182
22 7653 6668 551 5247 4560 443 5022 6359 6944 3176 9970 3273 6367 5306 3063 6220 4656 3231 2271 1084 1722 8719
22 4119 2198 6600 2858 2906 8584 236 6994 7142 2989 1986 9654 1436 6684 3889 274 2695 3596 9480 97 748 8998
22 7674 1143 6245 5553 2253 7667 8320 6205 1064 3648 9919 9780 9651 9501 1963 982 4693 324 6527 1850 4253 5735
22 7584 5535 1712 350 4050 1681 8746 9183 9084 5843 8628 3548 403 3812 4943 4139 7630 7813 8537 5630 867 3538
22 8424 1925 8399 3598 2141 5144 8924 5784 7405 3340 7815 8562 8691 5782 7276 2527 8867 4596 7832 148 5866 206
22 7080 7297 2554 7864 3442 3412 4858 6446 1725 4527 8391 2040 2685 3317 5972 9283 1828 2047 7447 6193 727 6477
22 4078 2550 4807 429 1152 9937 7870 9943 7111 230 1688 4290 7340 8426 7586 7757 2798 7217 7961 742 1463 7827
22 9168 1539 5209 6871 7367 5102 8381 996 7163 5071 4822 7928 228 9160 5767 7556 9387 7181 3822 9516 6118 5753
22 6808 5383 4994 1976 7986 5726 3804 4377 3185 1883 5314 1754 3839 5664 5947 6362 2432 1341 3244 3445 9319 4859
22 2586 773 3534 3903 7867 4739 8756 1368 3882 4158 3330 4882 1085 1744 7953 8610 3814 4836 2453 8703 4216 6370
22 3425 3632 4170 6155 779 5896 3033 6389 4348 8123 2078 7355 6115 6063 8630 2872 9560 3884 2131 1116 9341 8275
22 9888 2607 330 4802 2965 8663 9494 1898 6550 4577 203 4564 6763 2404 2220 6282 4838 5628 1565 4301 2628 4810
22 1579 1512 227 6168 7151 171 5912 2536 4799 3069 2735 7935 1934 1261 8601 6134 7836 4648 1625 8795 3189 160
22 6424 6897 3656 3044 6284 8250 8006 8532 6162 7105 1349 5963 4612 777 1358 2125 4623 6400 8156 3394 3397 1107
22 9321 1030 8227 7331 5171 9719 2018 2450 4025 1307 8894 9332 5282 3464 7058 2508 8087 985 7563 9644 1775 3053
22 7643 4349 9743 8003 7976 8766 2622 2771 1802 4396 3379 8296 6178 3390 7702 6451 1673 6124 8643 2898 3617 142
22 4960 9692 552 1410 9751 9777 1547 7489 2064 8728 9067 1709 3127 1467 9060 4839 2043 5003 1684 5335 2831 2210
22 7782 1492 1531 4099 7416 158 7719 2774 425 8493 59 9728 8337 6176 4368 1382 2740 1611 1471 5267 7548 9369
22 493 1942 457 9042 5910 8072 703 9936 9781 9883 886 7531 8855 3807 1853 5409 6180 2299 7943 9432 8181 5995
22 2209 3025 2365 3914 3331 4718 6411 975 6553 8040 360 6648 5689 3974 305 9673 5037 2792 1286 3428 6608 723
22 934 7545 7115 5127 2430 5705 1521 4387 9853 8603 5603 1182 4835 7025 9552 4424 4149 6494 7064 3077 6641 7594
22 175 7337 3460 288 3620 6322 1412 7296 4004 9203 5601 6997 865 4986 2981 6629 9409 5464 7093 3566 7 146
22 6423 3492 5934 3781 4529 706 3091 1917 9554 8289 9562 1206 3124 7532 4128 6837 6492 3293 424 1075 9102 7140
22 4768 9561 5903 2305 1608 5436 8012 9395 4630 597 2068 1215 8665 6174 568 5971 9040 8023 3737 2827 9663 4427
22 6812 8961 1491 3694 8273 4001 1639 7768 2289 6329 6856 6224 6378 6721 3609 5356 7803 1033 3031 342 7057 317
22 962 90 7397 7969 9076 1575 8178 9892 3770 6084 7305 1444 1303 9792 6772 1535 6714 226 9896 1230 1696 4971
22 7914 816 8934 2940 1737 6242 4694 8673 5401 1242 9720 4720 9228 6182 7233 318 1886 9776 1190 4770 6107 423
22 2600 1130 1556 5815 8074 3238 3242 4950 841 2947 4684 8294 3147 1642 2845 66 7514 3891 2941 4670 4198 6733
22 9141 8730 416 2244 5968 6481 590 1932 1730 2511 5781 9983 9655 3502 7035 5268 5394 5331 4742 5697 707 2317
22 5634 862 4238 6092 8530 4677 2439 3556 720 5012 2931 9952 510 8963 7491 4072 5627 8587 4187 4159 4626 3200
22 5832 4922 8415 8120 4249 8966 3225 4566 2477 290 5906 5169 6510 3759 2939 7013 4525 5989 4911 1101 1755 9146
22 8097 9887 9075 2459 4186 9097 6519 8488 902 1317 5509 3515 4825 7288 8489 7615 3576 2806 9779 6043 9639 3294
22 3423 7179 6888 9304 404 1588 5188 7379 3430 619 7037 4591 7404 9845 8338 8713 9066 7823 8199 1164 1384 8102
22 6950 9038 528 9930 2815 2236 2920 4478 980 9178 7407 7076 5497 603 5379 5758 9276 1645 8671 8 8361 7263
22 3922 8128 2954 7648 9033 5654 7361 3858 1354 7765 4833 545 4376 7242 1667 369 5447 7210 6863 1273 827 7818
22 1587 3210 5653 9352 4910 9678 2301 0 2403 2538 1749 642 1698 4423 7557 6380 514 5419 4924 9230 8735 9449
22 8946 9031 2152 7244 1890 8575 9665 8920 252 465 3794 8191 2066 3199 914 7124 5187 4118 370 9396 4220 2377
22 577 2086 1805 6117 5999 1913 6105 8022 6300 1971 8147 4021 3798 4180 965 2287 2692 756 7357 5179 5623 2476
22 1808 9213 6595 3005 5400 6868 8500 4692 1895 6515 8617 7525 6368 6508 9177 8990 1977 5098 3248 3751 1945 8163
22 13 7006 7871 3099 1053 7436 4313 9795 5862 6277 1643 301 2878 6915 1461 3616 2341 4847 326 4846 2180 5449
22 4804 4303 9361 7449 6351 6211 1487 7751 1759 400 70 300 8956 8384 7146 361 2727 2070 7433 454 1987 3864
22 8078 8472 656 2228 434 3347 216 3203 7483 6824 9281 933 1244 6272 4851 2283 7155 9405 3776 8098 4709 8342
22 4904 994 2442 7894 780 7980 7375 7840 4190 6344 3608 8832 2852 339 1451 5775 4843 650 2723 3788 7420 3221
22 9601 436 8903 1275 4386 7773 1203 9533 4044 9274 4140 2647 9179 877 7859 2193 3574 6649 9676 1940 6067 770
22 9714 1831 5721 3476 1267 3610 930 150 3341 871 9500 2325 4092 7104 3983 3250 6146 4085 6958 7550 3793 4968
22 3060 2766 4088 8778 5456 6125 6341 5742 2961 1032 1419 1460 6018 2682 337 2326 4496 9653 9730 6270 3966 1687
22 8849 159 2855 3560 2535 4082 4795 8478 3711 1118 1622 3507 7007 7509 6414 3677 8614 354 8016 5047 5788 6592
22 3709 1415 9747 5751 6177 7430 7327 3625 9851 974 7091 7645 2606 6406 6483 4676 8996 9647 268 9532 9541 9305
22 3592 286 3630 8885 7650 6912 9803 2136 4083 3481 6820 5124 8231 7792 2010 1439 3895 5957 7208 3967 1355 9722
22 3766 7639 1704 5997 4710 2912 6551 5010 2525 7455 7257 8857 4430 6337 3477 1783 5958 5236 4572 864 1438 5992
22 3249 9688 5564 3201 6237 9963 2609 5875 8322 8476 718 2178 6025 7612 8140 6841 8370 9981 6967 7646 6831 8738
22 1574 1387 915 4006 5226 2873 6634 4642 2179 1020 878 4869 3635 1847 4226 6048 2364 8116 1291 8767 3597 1162
22 3873 7566 6992 6493 1429 4181 6727 6212 5878 8025 7536 1630 2416 9844 7099 8031 4800 5422 4399 7959 6019 5710
22 2139 4447 2874 667 5598 6123 6658 5506 2233 1693 3925 9821 4147 143 4157 7515 6306 595 3007 5194 3787 2934
22 9014 9288 188 1100 2239 4628 8970 7880 5570 734 2030 6999 71 8334 895 611 2312 398 3621 5362 3749 6852
22 4466 5097 9635 3919 6410 9590 6007 3651 5757 2071 6989 7377 3360 406 57 6545 6802 7585 7127 6558 2366 29
22 3387 27 9202 9632 421 4983 8410 5587 9338 5100 1092 7766 1044 7321 751 8908 9297 3432 1955 46 1077 3990
22 4322 4662 810 4535 7232 3122 6826 2738 1810 7097 2725 3490 5913 2743 9091 3672 101 325 759 8705 6122 542
22 1572 8896 910 7253 663 1969 2298 435 4938 4363 1226 9862 331 7809 7493 4883 4492 1240 4086 8822 7198 3309
22 4141 9718 5555 4717 229 1923 9356 5177 1839 6860 7816 3817 2520 5073 7831 7172 5541 588 8984 9512 433 8079
22 526 8183 4773 4279 2353 6822 2642 9350 8641 7784 7336 2255 3488 2944 2739 9122 5539 2113 6775 9521 9926 137
22 8044 9157 3471 4327 3177 1430 9961 3513 4003 6097 7503 3631 5428 9694 6502 1496 5531 3125 5799 4464 136 1982
22 6229 4397 256 1520 4195 8108 2375 9975 7916 1259 6138 686 2900 4603 6418 1114 6302 8321 2402 7325 8069 7204
22 1711 7606 6959 4909 5658 5990 2918 3830 6328 9126 3791 3553 5905 9010 6426 4335 6621 6965 5986 4972 7819 3591
22 7245 5388 5213 69 4622 9027 3917 4809 4640 1792 2522 9703 5611 5993 7088 8095 5239 3325 2344 4330 7497 9259
22 701 2847 5195 7516 8751 289 4323 9753 9451 6015 8213 7983 5024 8925 6156 7763 645 7231 4357 2696 2605 1859
22 8099 8121 7496 5128 6283 4053 3019 3439 420 6472 2763 3434 3795 9279 2369 3853 2111 4865 7350 9566 8664 2575
22 295 275 7695 4896 3907 6016 5857 7541 5168 7812 2547 2935 8538 1829 6398 254 2485 9671 3638 6381 5722 5025
22 3216 9662 1285 9019 2752 2218 5619 80 7755 4559 3743 5699 8605 1761 6450 6998 6807 6712 6195 7634 1432 4620
22 3155 23 1807 9804 82 8421 675 7369 793 7661 3364 8815 8591 5427 533 5652 3837 538 7262 3475 1605 4729
22 8995 5130 7402 6936 6113 1217 9407 107 6186 363 4178 1023 4295 6060 210 3978 7750 1780 4719 4778 9843 9013
22 746 8383 3899 9039 3707 2775 1542 7960 1603 5407 7925 4383 2316 8066 2546 1122 4051 2975 4372 495 1324 1202
22 6392 1846 6151 2971 1600 9549 1198 2794 5159 8477 991 3955 3284 4713 3514 5546 8534 3184 8563 4429 5414 284
22 2672 4805 8080 6363 2051 8046 2391 2574 5084 9317 2629 8347 2877 4218 8560 4902 6518 3046 9144 1901 9938 7562
22 1408 9727 8850 2472 6563 6966 606 5376 3544 5879 8330 1988 6213 3065 8348 6075 5484 1336 9611 6555 9357 622
22 6975 3179 6294 2469 7575 3275 7239 6817 437 1676 7243 8907 2092 8038 8329 86 5040 536 4023 2515 1200 9472
22 78 9447 7529 5387 3992 5797 9955 7227 4193 5568 9815 5818 115 198 8254 4080 2653 8119 7632 7640 6645 4537
22 8980 6319 2000 8745 9095 4314 4722 9648 6236 7835 4201 2412 4179 7005 8796 4258 9469 1581 7732 1729 4234 3823
22 4189 2090 1021 4217 7519 6292 3114 2409 3724 1248 5175 5404 2859 782 947 8283 8210 5399 5927 9199 7945 1501
22 5014 8364 6640 3682 5940 5542 6703 3170 1767 1089 6225 5083 394 680 7012 1713 6953 2227 8056 8086 1528 1827
22 3516 7511 2069 7060 9899 9773 8933 7393 200 1301 7727 6674 2998 4343 5006 938 3535 3419 2473 6285 7565 3673
22 1813 2297 7475 2599 2135 2024 4069 6393 9289 7304 5311 1069 6948 5761 8341 7069 9140 180 6827 7366 4154 8428
22 3363 9248 8592 7724 5258 6485 8564 117 4194 5142 7522 7267 8989 4045 2464 8688 4522 4780 8198 9171 6834 8157
22 8786 596 8969 3867 1558 4817 7299 4356 3715 9254 4431 644 9833 1406 2671 981 263 6288 4451 176 4245 8531
22 8057 7175 6093 2169 3702 504 8727 3558 3654 2457 3546 7213 7989 805 4120 6453 8667 7189 1480 1394 3933 9399
22 4115 3929 7439 9891 3623 3118 6299 9583 9808 6847 9917 2948 6206 2973 3271 6226 1613 2229 9641 8457 6259 1232
22 4935 1191 1186 477 7116 7721 1854 3587 6163 3487 9910 7188 239 6253 7844 96 2445 6725 8444 4899 6913 7452
22 5062 1125 6857 2042 1250 9874 8050 2950 5911 110 1526 7873 1489 9118 3026 2475 6079 2087 2045 657 8785 9331
22 9111 8394 8166 5632 5520 6766 9121 3182 5969 4785 6171 997 9739 3269 4761 6611 9427 1584 2272 5164 9298 708
22 1965 4246 1330 8052 3367 6844 2782 4550 8687 1039 7131 5291 9222 4074 8621 7681 7737 241 9316 672 6031 8344
22 4852 5557 2649 598 3323 9241 4486 6361 4017 135 3110 6582 5847 9389 5072 2949 7206 3253 3433 8662 959 6290
22 3042 8468 5908 9128 9150 6753 7464 2232 4521 7401 8215 7282 3456 2984 9707 9325 4438 2910 3539 7095 2222 3358
22 4052 9538 1924 8717 9515 7715 473 7338 4444 2552 3228 8967 7056 1418 585 5978 1088 4010 2602 3915 151 293
22 9925 8406 3701 9606 5181 7176 2673 1258 8528 2183 715 9677 2818 6471 3461 8168 3971 4541 8300 1844 1949 4283
22 1048 5944 5886 3064 3417 795 8093 5396 7993 5133 5036 4582 8661 4090 5067 802 1050 9567 8997 4806 9519 2190
22 654 7704 8073 1835 2914 4867 4307 4487 9425 1545 972 2120 5118 1879 9996 9197 222 9551 4763 4725 4528 5922
22 4065 2496 8952 2769 462 9708 2608 4089 6535 472 9368 2913 8035 2500 7692 5956 9169 812 9758 6896 8806 1646
22 4182 3665 1751 1051 8234 7679 8834 9107 8274 8593 532 2188 1144 7043 8901 7385 9683 8396 2592 9088 7254 6342
22 9861 3235 2813 3172 5151 515 9229 5457 7693 8150 8318 2548 609 1721 7431 3897 7912 5212 8839 5641 9834 6467
22 3145 5939 5206 130 3764 1276 9055 2433 4145 2595 8067 6434 9618 8814 9024 5565 2697 4534 2259 7956 8091 506
22 4661 4796 4503 6474 5460 5783 8201 9898 9954 7330 2867 2153 1128 6457 639 9617 7081 4609 4826 2449 1251 520
21 9340 8568 3027 5349 8936 1293 1996 8577 1028 1671 2373 4136 1650 2165 4637 9312 3740 2307 7314 8397 6243
21 9189 8653 9200 16 3050 6794 456 5556 9994 4929 1861 741 5894 3393 1530 6698 56 4162 9701 7067 5656
21 9435 3247 9470 1772 5829 15 1593 1299 8541 4691 7950 2857 237 3585 559 3370 7626 3885 1806 5891 458
21 152 8504 8286 9385 9967 7728 7910 174 2281 4958 9035 8437 9300 2056 3747 4109 618 3824 2726 3999 6880
21 5057 1595 8134 8949 9454 3836 9467 4048 9660 8655 6033 8144 7949 6484 9299 8051 9513 9528 4595 7825 1357
21 7427 9498 4808 8547 6516 5229 6427 8553 2937 7664 6914 6454 5200 8842 3096 4146 8226 9174 1743 7506 4073
21 602 3496 8026 9224 3291 6657 5201 1944 6473 6233 9090 1163 2080 8015 512 2581 1169 2660 9530 6132 3497
21 42 6488 2836 3264 5244 3755 1414 9182 4341 323 5647 9664 1948 9736 2342 8190 7221 2321 6232 7507 4920
21 6197 1359 7251 3322 1465 5210 3479 3420 3912 7374 8260 8734 2465 2576 153 5378 8028 6343 2639 3282 2455
21 4760 3628 9756 6961 9268 9462 6616 499 6750 4997 3986 8976 5332 7973 475 9292 9893 444 5463 6023 7669
21 2378 2864 3051 896 8193 238 1750 8646 8398 2955 4497 6693 7237 4925 4276 2187 8139 5389 8331 5099 5203
21 5046 6980 4751 1675 9754 8418 8913 4251 2601 1082 7071 9704 1459 9185 1726 6438 955 4035 2596 2023 129
21 7633 4066 7173 7481 9397 2394 7412 2266 7202 2083 452 8222 9370 1621 7265 3301 1537 8866 5708 3012 579
21 445 3452 1113 850 1776 6262 1592 4524 2562 5403 8677 6238 55 7682 48 9757 5880 8082 3718 8856 4022
21 9371 5336 450 7191 9190 8954 6643 2674 5369 2654 753 2643 709 9824 3401 958 830 4654 6505 272 8059
21 3590 9957 6890 2384 3139 9915 4703 8741 9949 7955 8862 5694 7846 125 8762 3458 5487 1640 7624 1180 6071
21 660 6770 1816 3855 5585 8266 8285 6652 8876 4542 9760 9964 7459 5450 1142 8759 2568 9534 8419 8580 6081
21 4473 846 4169 3932 9139 3851 7691 7561 689 8309 5350 5998 387 7077 7587 1598 5248 5631 7573 4928 155
21 4071 3181 5966 6889 5308 1283 3001 2687 1897 7651 9812 6449 9158 3382 4855 2256 8497 8313 6054 2127 4102
21 5552 9243 68 8324 2633 4304 4597 1541 4562 6268 7284 6460 6728 4098 1719 2979 7236 1623 244 5087 9275
21 7828 1035 191 4957 1178 2677 7201 4745 5301 2009 6705 1402 5162 2082 4277 9570 6334 2492 9511 913 668
21 3236 5467 9568 2963 2168 7952 8958 7278 8627 9093 5578 6813 9303 9261 5202 5737 4509 2899 4861 3217 890
21 7662 7539 2557 961 1220 9721 8609 8463 2274 6708 1158 1880 1097 3806 7725 3605 3869 2173 8608 165 7269
21 7937 6001 281 3950 1758 2519 1689 4734 3777 7415 2943 39 3241 4743 9359 3067 2419 17 976 3600 9775
21 1109 2803 8017 5483 5005 5525 5435 5163 1549 6872 4064 5701 2842 2657 2970 2278 6403 6387 6964 9009 5743
21 1472 7030 3383 3462 1210 6554 1804 2331 3018 1692 4941 584 2121 8864 1504 9598 4059 4070 7283 3342 7434
21 570 9589 1670 9984 5148 5318 2838 2337 7869 3320 3506 6954 8435 861 4471 3961 8773 5692 2460 4863 6070
21 7576 3782 4757 9592 7528 1604 1004 6744 2832 5028 9529 7958 6386 1188 6692 4112 4610 1732 1624 260 9493
21 5465 612 7358 3350 2555 4393 941 9078 3500 7462 161 2502 1176 5015 9390 4340 2231 2333 5977 8312 5892
21 2993 1425 446 8890 627 949 5323 5223 9314 620 5951 4873 3622 673 7363 4113 4555 440 5931 6333 1513
21 1641 6154 3501 8841 4476 7286 5580 9880 2039 4792 7767 5811 4992 5265 4351 758 2290 6760 4653 3052 9265
21 3902 2583 3575 8438 2343 8681 2770 9172 9149 1269 5440 7059 4132 6945 1552 3470 2972 3327 7762 6549 410
21 1466 1038 5938 170 8820 4355 6221 8911 3158 6385 2924 3563 92 2903 7199 2888 6009 9487 6839 3761 9373
21 8551 352 9492 540 4144 3186 7538 3604 1121 3774 6210 2610 1126 7290 7167 6786 4740 481 9985 8656 7920
21 8090 6671 8851 6030 2085 73 7061 674 4325 1980 6918 1915 5417 2534 3108 6930 7733 5272 3945 6894 8405
21 4753 8207 7183 968 3696 768 8111 2853 2207 2320 5192 1292 5579 863 5752 9810 6396 247 6734 9711 7085
21 9488 6497 128 7351 3391 4104 4975 8001 8316 6715 83 798 6780 2761 9931 9794 297 9070 1591 7051 7444
21 207 8948 5917 659 8445 7259 4673 3489 4457 5384 5983 2887 109 1314 2348 8175 9419 1941 8113 347 7193
21 9215 5008 7309 8733 8162 397 9238 484 8840 51 4130 4266 9309 4160 5732 6350 2245 6689 8973 776 7904
21 7148 4236 4996 2304 357 9147 8239 9380 3802 525 1708 9092 6352 8142 7893 6644 2564 9998 508 2458 3270
21 138 6062 5113 4480 952 2101 8442 311 7078 9634 9839 4375 6612 2645 7882 1221 6353 1502 4618 5338 1478
21 558 5613 8977 3951 8204 908 8790 2797 5343 9260 9110 2826 1796 9367 5718 7779 6850 755 9473 7780 3658
21 1386 3551 336 4824 3405 208 6859 2410 8783 7743 5584 6849 4402 1352 8871 6594 5056 6487 3549 9965 8863
21 9988 1271 5740 9966 3455 5307 9223 3520 87 8206 9173 1589 2314 7588 4317 4756 2110 5773 7333 9125 3115
21 9543 626 271 6234 4200 738 2637 4672 2303 3908 3863 5000 8248 7696 5727 4845 6884 7570 8379 4711 3924
21 666 9136 7014 1809 3009 8992 5925 9133 1098 2646 8245 5791 2577 8255 6895 9400 4106 9709 9783 853 7293
21 5777 405 7380 5310 4834 7381 4231 1735 2175 7709 8623 8552 781 6291 2032 5746 7834 912 4359 9746 364
21 2265 4878 34 5461 9816 8937 9599 3803 943 6711 1435 5442 5411 7258 9796 7212 9999 3594 9518 2750 7686
21 4398 9826 498 8624 5423 4567 9585 5639 2318 5023 4281 2116 3819 5048 1137 9050 5199 744 9749 6219 8809
21 4764 6597 4481 2570 1644 5883 2644 1012 7931 5119 8214 778 5974 4161 8490 4378 4570 5340 1823 7160 728
21 3511 4989 8297 2736 3744 7974 8494 3904 9267 4652 2100 359 8938 7623 30 8860 6104 5498 9085 6529 6194
21 2823 1312 8143 7020 1855 7621 8798 3299 5496 5490 4728 8413 5063 7962 9935 6111 7932 8420 4604 5111 5544
21 9282 2351 2005 1417 5117 5 5863 1302 739 2558 8153 4515 3849 1936 1409 9483 1117 478 1058 7403 8354
21 601 4392 7421 1822 6677 1740 4221 2313 3156 9889 546 2397 5869 918 5191 8373 6617 5385 7964 4491 786
21 3153 8205 2418 8829 3898 784 2868 7675 7468 6037 2590 7432 7589 4420 8148 7378 7500 1578 3773 122 9574
21 671 7494 5529 7744 653 6746 9546 9986 5769 5474 9526 4565 858 8007 3888 6851 52 2128 6789 1296 4675
21 9155 3505 4660 9956 7625 4887 3669 6419 266 7062 5592 2656 7300 8886 1063 492 2292 2929 8054 2871 139
21 2636 7216 417 8464 1448 1794 9989 6738 261 893 3484 2946 4985 1553 1353 7558 5295 285 483 6987 2486
21 4077 7720 7611 5895 3557 2279 5167 4315 5146 5045 1647 2897 2033 5808 1070 6968 7889 7975 8230 1335 5663
21 8453 3169 4507 4917 6073 589 690 7356 1620 7135 6574 7785 6993 4578 8787 733 904 1231 631 6004 2196
21 6845 7487 7689 2573 5680 9489 5353 9939 4247 3989 8808 1389 5080 922 2540 5730 386 2521 9920 3000 6923
21 8561 698 5077 9052 2966 3332 8831 2489 9854 1207 3402 6552 6082 1294 8475 3287 5174 7410 72 6870 6047
21 993 2202 7694 3278 9640 1787 6099 9461 5278 9376 2651 6773 6429 6399 9326 8295 4244 8900 3414 6803 7302
21 9872 1896 9227 3763 6995 1441 3573 6747 8993 8944 1309 8931 4425 6749 693 131 5567 842 6736 5094 2461
21 9742 7574 1067 1278 7603 408 164 4452 8680 5189 5501 3846 4599 376 3786 2753 8519 5393 772 7685 921
21 4974 523 4944 8130 5182 2221 5125 3480 4588 7419 7466 9871 8512 1498 9344 8129 2216 1931 4837 9000 9245
21 8724 6152 7011 6509 9520 9165 3541 6274 2707 5687 6318 8813 2390 8915 6696 1488 8707 4752 608 6984 5933
21 2452 9417 2604 9378 1390 2167 385 6295 1609 4095 2760 5106 3095 8137 5426 7564 3043 6249 6127 3792 7137
21 9890 476 854 8049 2841 7668 9456 1174 1602 3166 7776 6456 7247 4617 6742 6530 3204 2488 5853 7797 5143
21 3123 6347 5865 2140 4784 1076 6676 4134 9798 6690 3892 76 916 2551 1392 1876 1858 5357 2022 8524 4308
21 724 8590 3579 9785 5574 6464 91 6409 194 6364 8369 1524 9490 3132 1171 7758 1161 9509 7168 6346 7034
21 7901 8447 8431 2640 4152 5522 33 1888 5935 4638 7352 6814 1962 2730 1830 7200 8319 2886 9875 7874 4932
21 7883 7343 702 6032 9627 3267 1243 8264 5510 3144 4945 4914 3543 9672 8422 7909 8758 5640 6087 1992 4041
21 3815 1893 7979 1700 9772 3537 5079 9362 2001 8988 8573 4316 3686 2632 1636 5924 9021 1073 6307 1510 2347
21 7256 3775 9951 7798 879 4030 8569 2435 9499 5659 648 4823 924 4748 6670 2757 3820 7143 5572 4854 1388
21 3256 534 7329 1499 4655 53 5228 8292 5861 7670 868 8755 2017 9455 3920 9564 6940 2839 2997 9269 5684
21 6638 7096 8513 1926 3536 7158 3205 3934 9220 3398 8253 5018 5438 628 1706 3213 4893 2133 4853 9386 725
21 5500 8440 49 2003 931 5126 319 106 4889 5068 1564 4952 5259 729 3152 5982 335 3408 4133 3964 1534
21 7822 6683 1140 8282 6444 2569 2591 3984 3215 9818 8089 3454 5108 9 6147 3886 9077 8041 5636 5754 767
21 8315 8835 2777 4 2747 221 7605 9725 8642 5055 4921 310 5451 1029 245 4934 2484 5672 1619 8825 6886
21 9696 6785 5898 7230 6313 1165 7944 7392 1871 4272 3035 4344 7308 5833 6433 2206 5081 4706 4879 2688 3874
21 8407 3533 89 460 1241 3722 402 6470 9436 4726 569 9057 8686 2413 8124 2387 9295 4299 875 9142 1703
21 6891 3482 3339 9130 4126 9391 320 2541 6331 6666 38 5405 8666 5909 6100 6539 7676 5651 4786 3789 3230
21 9284 6720 9131 3306 2013 4252 6990 9762 2542 615 6586 6145 2463 8436 2882 1832 5001 9465 5103 4554 1922
21 4469 8339 8565 7161 3845 1760 4282 3195 4263 8689 4544 7009 2790 1223 4213 5622 5755 1720 1563 4876 2002
21 2652 6931 8481 1614 1123 6379 4298 2499 8469 3813 1168 2370 3584 9448 3723 5505 2945 2270 5431 2861 9048
21 8709 7946 4091 3746 6005 6985 572 8076 5802 5856 3277 258 1321 5330 7075 5662 9659 840 9337 3017 118
21 9814 7222 4068 5109 9484 8651 513 1707 5822 1423 9087 8350 7072 3700 4776 6432 5741 7848 6528 3365 5607
21 4801 5608 5914 817 2323 2801 6267 9310 8638 6412 3797 3982 9278 7919 7238 449 8029 4453 2112 1561 8030
21 1187 6425 8400 2252 8237 1612 9477 2322 6740 4679 7802 8892 2833 2967 9453 635 5806 6045 3569 658 4744
21 1577 3119 1192 2037 7383 5360 3079 2027 3887 6188 2011 5249 8722 1873 2837 4434 2327 8804 2662 9137 6642
21 5798 4474 8781 3735 1260 163 5138 2247 8262 4888 7328 6976 1280 3568 9609 6521 5013 3790 7479 3900 162
21 6669 8366 5511 9559 6869 5224 679 1167 7680 1096 881 5770 1490 4813 2982 6565 6768 1213 5750 3395 3338
21 6330 5241 1983 6925 9752 2992 2129 794 5821 7876 7122 9855 3415 3377 2237 3102 8217 2690 8947 154 7266
21 3233 4390 1037 4436 8471 3731 630 5772 8042 5322 3825 636 8345 5839 5804 3599 6758 5186 6900 4668 7274
21 8595 3171 7394 5534 6681 3881 5916 5302 1326 6256 2260 1172 8352 6892 9547 9852 803 1450 3255 8452 9132
21 9211 1062 544 8950 7992 4639 308 8581 9870 3565 6893 4284 9280 9207 1052 3343 5287 7578 8303 7547 2159
21 4616 8523 7638 9408 4629 2053 5637 6874 2788 1872 4504 2076 3629 7346 1453 1567 1848 5150 6875 7504 797
21 7760 5756 6475 273 4156 232 9864 9437 8874 5222 8943 9497 7157 5962 278 3073 3319 8171 1426 3029 2773
21 804 5049 3640 9811 2930 7203 7110 2310 8458 6606 1228 4892 259 6544 6448 4207 3890 6739 8800 935 1814
21 2417 1468 3643 4219 5086 7488 7800 2728 1370 8325 3603 2124 6719 4417 5104 6119 1403 1741 9597 3738 5004
21 7995 8657 108 2350 5448 6280 3997 2158 6584 3229 7275 5289 345 2428 6175 7700 3805 5123 2598 6383 3206
21 8644 1060 3260 9079 6922 3318 9394 927 8004 5366 4782 4002 986 6345 1517 9823 8461 5816 9846 5469 3509
21 6603 8152 6765 8083 4716 4530 5433 9848 6230 2230 7082 1585 8278 6716 8550 9098 1225 3088 3263 9105 3223
21 5160 9850 6664 6382 4084 1133 956 1657 8700 2286 9127 6585 225 6996 99 4727 1495 5617 7495 9226 6662
21 2146 2795 8797 7707 9263 3049 3335 6538 2846 8466 4047 8824 7312 3944 9712 5076 7218 8491 8868 4781 6126
21 8372 839 3302 5668 6815 2138 3272 800 670 1218 4774 2020 8115 1661 5786 6607 3013 4404 992 7716 6144
21 1753 4433 6778 5516 8615 6580 745 2021 9531 313 199 2923 3094 6044 7018 9507 3376 9156 9429 7571 5888
21 7324 766 9787 9175 7177 6452 7349 1149 9327 7291 9593 911 3926 7298 6338 4328 4310 6039 7783 8473 9684
21 8698 1424 3312 9702 6000 9831 851 4205 2892 5121 1000 2825 4930 32 8882 7196 7248 5131 9901 5625 5762