15 6599 6668 6888 9352 9076 5860 8754 9350 841 8309 2100 5998 1147 3220 5540
15 45 1752 6959 6699 2253 9027 4231 7356 5838 7709 7771 8899 412 2424 3344
16 8033 2381 6214 3921 9817 9790 3804 760 1759 358 2835 1723 9628 9311 7112 1706
18 6428 2452 6347 2418 1863 1907 1293 9540 9745 5439 4264 2509 1493 8413 1402 7312 1145 2015
17 6440 2698 4433 5345 432 338 3186 6551 6112 2613 3304 3742 3490 5894 7696 3026 4669
16 719 8472 5595 5545 9891 7625 1787 2868 8645 8603 7473 4243 567 9233 9177 369
15 4467 8184 3937 8885 4655 408 2439 6744 3715 2558 8253 7596 3778 1914 6462
16 2603 4065 2864 4632 4803 3612 171 7375 975 7483 4958 7131 7282 2790 2800 1517
17 9738 9155 1893 6463 3278 3266 6500 5637 3170 3821 3678 8917 6999 8507 9309 1401 1636
19 156 3075 2202 7173 2350 6869 6211 7607 1238 7117 1603 420 3336 4290 2416 6646 9455 1353 6594
16 2584 6638 626 3324 8130 5585 738 4673 117 5176 111 2547 9677 2121 4420 4177
17 8141 2517 1040 7329 5534 3733 1138 6167 3480 2707 1096 6872 2040 8337 6272 914 4378
14 9475 8607 1365 487 9382 5726 9803 9059 1219 70 2255 5847 3382 8362
15 9191 7382 5334 5128 1429 8108 5353 4205 5700 203 7032 2946 6114 4371 6540
17 3440 8039 4701 2874 9956 8549 8991 5446 2917 266 4577 5382 3670 2120 6993 5504 815
15 3016 4107 8710 9039 9735 4391 4627 1932 8518 6084 4833 2913 55 2730 9712
18 327 7855 7918 446 3350 2343 684 7865 209 5296 1310 7835 4684 4293 5249 2686 1494 3657
16 3039 8407 6931 4996 5207 9980 6464 3541 5506 2064 3481 1158 4100 1056 8883 7171
16 1141 4805 9992 7864 2526 6255 3225 7840 7916 1317 8794 5064 8755 6388 5606 8124
17 2822 482 9591 350 2506 3680 2394 8727 4377 7592 4388 4124 7753 5352 777 895 5299
16 7138 3256 3833 4660 9073 4227 768 3997 6218 3212 5314 7000 6367 2014 580 245
15 9321 1831 8415 3903 8327 6868 8442 3037 3648 4579 7195 8604 8775 3054 6451
14 4523 6982 7529 7253 462 3610 2609 3195 6276 360 9247 387 5048 9609
16 7318 9594 2793 2693 5612 9761 5351 8920 8316 4679 4497 3846 8591 1553 3108 8764
16 9822 8128 9361 2769 5182 232 8933 4672 6535 8988 1309 4344 3819 1406 1070 3897
17 2995 1660 2785 7384 779 2768 8634 7296 9675 9231 4163 9993 3488 3368 8142 3034 5786
16 2150 1641 8523 8481 9785 3845 8594 7347 2313 5277 5509 6183 865 2354 6757 6706
16 8103 1512 2836 8778 4186 2352 1055 5167 5587 252 3069 8808 4316 3415 3942 270
16 2446 3249 5955 3972 502 6459 8693 6566 2129 2983 2083 6574 8801 5840 5820 214
16 6042 4303 1983 3560 4050 3283 7621 3528 902 5012 2943 4882 5913 428 1667 2753
15 1179 9443 9743 9606 6444 4495 5850 9425 5222 546 3553 9618 3393 2032 8175
15 5876 5325 1734 8565 9273 2339 8176 435 2832 4856 7076 4428 3390 7265 1272
15 2851 9447 5938 1417 6995 6731 5916 9133 1354 1301 38 6238 3584 9256 4488
16 1434 7822 8447 2512 7579 4005 9909 6437 3192 5975 995 7355 2685 2973 8348 9617
18 4891 395 9136 2069 4219 5244 5171 4788 2574 466 550 8728 2078 1182 5290 6684 3477 9312
15 5919 2090 6796 429 7279 7845 590 4251 6163 3166 8318 778 1929 8378 3677
17 2635 8644 3775 5195 6231 8261 2036 4942 2334 8249 739 135 1708 2539 8512 8436 1068
15 6056 9282 7216 8952 8841 9322 5188 6446 1194 3675 2763 8562 1097 680 3920
17 3353 4066 3260 5461 7151 6504 3318 4350 4758 6233 8067 1724 3508 4425 9261 7167 9325
16 1769 2086 1021 2472 4442 6125 5323 4550 3724 5843 1986 4720 3721 9464 4199 3978
16 187 9740 1670 4 4144 3332 5424 1302 5235 893 648 7213 8956 7043 5202 5978
17 2870 4671 6152 7611 8052 1053 7286 4309 5376 4874 1259 6318 8191 6206 5993 7431 318
15 1959 8085 8125 7636 2755 721 6622 5596 5315 848 9976 4101 4835 4045 7075
16 2734 280 5903 2042 4784 7408 7988 9457 6160 6708 8877 5699 1034 406 9091 7013
15 9058 8730 6890 8949 1123 653 1542 3858 6236 6385 6138 1163 9303 1498 2251
15 7914 7639 3501 273 5251 8711 3573 5639 5355 391 2122 1742 8371 1358 2326
17 333 4189 1143 9037 9506 8049 593 5307 1198 927 4289 5597 1825 5024 603 7012 1876
17 9049 9031 5653 667 7603 3412 6280 281 3090 9310 2415 6690 4064 9545 394 922 9424
16 2038 4878 3911 7516 5456 8575 1414 6057 1064 7680 6188 1557 4914 6137 6591 7515
15 3636 23 1924 9592 5181 9915 93 8441 1326 7409 1908 2148 6176 6692 4700
16 8598 3562 1062 7183 1772 3907 4181 6658 2489 2788 4095 4945 5412 3622 3941 9292
18 2805 8404 2351 5669 2860 6966 5138 5274 670 4888 4201 9482 9704 2355 5438 6749 4943 6851
17 4960 1764 9117 6928 2293 2747 8584 7239 9395 2318 5856 8369 4564 5488 6809 1146 3896
17 681 3592 7613 9470 4480 3291 5224 5125 4452 5510 5687 3794 6813 5063 1968 5072 9119
18 9145 4935 1030 2335 5965 7084 5066 2622 9892 2274 1676 2725 8330 7554 3095 2657 585 131
15 5260 295 8121 6475 8733 627 1217 3669 22 2176 7407 9952 9833 2082 95
16 4804 7606 7695 896 4710 7485 7406 5218 5406 4864 5749 521 5770 8115 8675 5373
16 9670 377 8653 7421 5310 1795 8281 9533 6328 7664 9087 5533 2316 954 7623 6742
16 7426 5326 8740 479 2578 1276 555 1770 2470 7931 5508 9793 4667 877 9707 5775
16 6198 8709 1437 3302 460 571 2346 5670 9554 4031 3637 8889 8448 7860 7953 2287
15 6261 4501 8432 6416 7985 309 2710 5556 8783 7614 7377 5611 5015 1142 6521
15 2921 3492 9747 3316 3746 6520 3346 8873 9186 5763 8147 9703 8248 178 1457
16 9392 3590 9913 3640 9200 1210 1093 3644 6559 871 9921 1444 7404 2056 3096 2187
16 2223 8315 328 9646 7295 6815 397 9955 2853 3683 1872 9173 1319 3449 8650 8610
16 9832 3611 4765 6819 6374 5313 8111 3520 9531 7330 1290 4782 3435 8666 6873 5758
17 9180 275 8431 7894 2051 158 9856 4950 1433 2960 7190 199 2502 115 7792 4276 604
16 1999 7337 9104 7120 5895 5005 7488 164 8235 4370 7761 2548 9158 8137 3609 8283
17 2717 6543 5492 6778 4151 4573 5436 1674 8478 3341 7045 1233 7672 6115 9845 6450 7378
14 6424 6497 702 6382 215 132 7541 3711 620 3402 2825 6129 4862 7124
16 9696 8678 4458 1560 8237 8756 7349 1174 8541 4929 7243 3055 6178 2404 533 8051
16 3183 9445 4807 7449 82 4677 4858 4642 7111 5407 5501 8824 1544 9672 1409 9630
18 3660 1711 6154 4481 5632 7177 2221 2242 8256 261 5397 4435 9664 6612 7290 1223 213 9050
17 9151 7186 811 6003 1614 1465 4304 2838 8914 943 465 5601 6456 3771 6345 8871 1439
15 3875 5097 5973 3172 8439 3851 9223 1411 6795 5238 384 4689 3730 831 3616
15 586 3025 8080 4535 5940 208 3079 5887 5434 1218 4519 1405 4986 1963 2283
17 6096 3216 534 2182 9966 2144 8865 8798 4356 7202 7462 4728 3507 1244 1829 4157 7763
17 2368 5524 5941 9568 5997 9139 7980 2637 4734 4044 5425 3850 7939 7941 9365 2967 6072
14 8057 6671 8073 2640 9115 3033 8022 7660 9254 5983 5395 4511 1482 5646
17 6430 929 5041 68 2145 837 2468 9936 141 7629 4272 7336 5291 1747 1870 3894 6629
17 8849 750 5532 5537 1059 9907 971 6267 3587 4938 5068 6989 8296 2184 5332 32 3692
14 1566 3179 5206 7890 9454 9590 9585 8001 8588 7209 5818 1796 9207 1392
17 7849 7781 8927 5476 598 1442 4018 9708 5619 3556 7163 987 6856 1630 8938 1771 2741
17 9714 90 5209 8745 5298 8701 238 6727 2096 6747 8680 6263 5327 5830 4749 8489 4776
15 4119 7096 9797 8464 6756 4082 5857 2310 5084 6296 373 933 3284 7258 8223
16 3363 5233 9366 6046 2003 4476 5693 8572 8812 576 5036 1460 3147 4925 8140 611
15 962 6257 9584 5751 3331 5102 8006 5223 4900 7291 7824 5834 2675 9344 1832
19 3831 4494 8969 1520 8872 9520 6844 2298 8076 2624 8224 2373 569 6552 6213 7509 9411 6696 6998
15 9106 5801 5564 4214 5516 2841 589 5303 3770 1477 413 7423 9906 8814 7238
16 6570 1573 3471 850 4009 4730 6395 4799 7743 7450 9548 1214 3893 8807 1504 5652
16 835 3076 1339 1976 421 6794 220 4621 8649 3086 3330 7645 7830 3010 643 9252
15 6808 3968 1595 8166 4966 785 4183 7489 1897 8944 5192 2887 5162 5073 1052
17 3187 2191 4754 49 659 9899 3755 3114 7392 3544 2552 7387 2656 3127 2944 9390 5790
17 4661 5557 1816 3867 3259 9772 6123 2644 883 2021 8904 9973 9919 2076 3695 2759 6282
16 5835 4764 6770 336 6748 4200 2258 7880 9853 1671 7503 6454 5497 7532 7491 4113
17 2849 3265 726 5377 9408 1250 7721 6826 3651 5390 4110 3262 8294 8989 2534 6414 1713
16 9890 7006 3681 3149 9515 3118 8958 5163 3158 5189 4921 9249 8722 9217 7882 8860
16 6130 7245 9417 3643 8063 5654 8609 2435 2919 4292 3286 2370 6010 7298 8329 568
16 9159 7205 6265 3950 8906 6016 8381 6470 7024 257 4818 3020 2842 3585 4317 6786
16 7584 3929 7358 3735 1016 6580 5433 3780 3802 8668 83 9855 2390 1294 1530 1122
15 1587 5535 1531 5881 5308 1794 690 8463 8687 1039 8617 6449 7589 918 9876
16 8097 1377 6687 8026 7351 3702 2295 7061 1167 5900 3362 2011 5701 3629 4748 2185
16 934 3198 5984 5462 9811 3757 3049 1998 4953 5090 7135 7039 7429 339 4761 6350
15 1826 3665 4091 3582 5949 2840 1151 5312 4306 9363 4774 2826 5974 9763 9716
16 9053 1539 4338 6482 3811 8471 1441 7327 4358 4003 4691 9127 1695 916 3446 6166
14 2672 5756 1205 7742 9258 5499 4116 530 9203 9529 2610 2724 4368 981
15 7427 3247 6857 3763 4629 489 9235 6162 6630 332 6674 6025 5427 7276 4424
15 3902 5336 1807 4217 1855 8293 7054 9415 4831 9281 5018 5691 4074 7702 4365
17 4852 8267 3169 2005 6474 6410 8250 1412 8488 1306 8123 5175 7935 6018 7104 2369 7682
15 13 9538 8543 6623 7323 1462 8320 107 6740 3280 1206 1650 3269 8490 6048
15 8995 8383 8948 1590 2141 6262 9546 2771 2175 8325 161 5106 6811 2939 2475
19 9351 7576 8504 34 4099 5400 3164 6657 2106 8673 9393 689 6515 452 1023 9466 8963 5720 7556
17 5455 4052 4989 3051 3099 5116 605 2801 2536 9781 5474 4941 7267 8231 6174 5972 6226
16 3448 8669 5721 3264 1448 62 9565 5010 2477 1089 6800 9821 7846 3028 2540 2219
17 5371 5777 6720 3333 7699 9190 1923 8564 5457 2001 110 1526 8967 237 7321 4277 9673
17 2234 4049 2241 7922 2815 443 6618 319 2331 9949 4652 6697 1329 3124 7388 3063 700
15 5254 27 3258 5031 1049 7769 2359 4969 1253 2457 8943 8455 6948 8864 4373
15 7782 3496 3534 7724 1505 795 7412 9107 9220 4792 3484 9216 6298 9923 86
17 9581 6791 7395 7380 817 1776 7016 1784 3242 1602 4489 7400 2020 7247 1029 7692 6530
16 8099 9727 1805 1835 422 1659 9407 3300 4465 8874 2955 6672 8145 4294 2010 2508
16 6933 474 5967 5553 8053 6292 9485 674 789 8689 5550 1585 2833 6291 2970 7385
15 4322 3119 5917 5566 8193 4628 8410 2774 1028 2071 9368 6648 2900 4743 8355
16 7418 3511 9561 3128 3598 4195 2236 6643 5396 7078 6711 353 3356 4919 8109 4421
15 5959 7297 2365 1275 4607 9678 3917 8646 9854 2097 1709 109 5450 7725 4232
17 1717 6669 2332 3659 1890 9719 2673 184 2410 4483 2243 9593 8106 8352 2984 664 8578
16 9340 9243 7402 7798 2966 3703 1243 6817 8627 2595 1226 5083 8435 198 9931 8908
15 8220 7794 2855 7581 7230 4152 4903 6902 7755 7415 9412 1389 4599 8015 713
16 175 8961 4169 69 6237 4817 791 9989 5772 3156 8055 1228 5890 7712 6426 938
15 7674 4581 1491 6030 4286 8937 9315 9495 4055 7847 545 4295 2903 2348 1114
16 4172 5147 3772 8586 3623 4567 5478 3871 1127 400 3506 9862 6098 9280 5947 3370
16 8561 7566 5886 9224 9816 7203 9394 5742 6971 1532 1092 1799 3310 9135 231 1819
16 5266 3704 810 961 5680 221 1245 2499 200 9093 6586 9809 7237 9792 1046 2324
15 1466 6980 271 2228 6177 1631 5022 1541 1730 323 3392 3834 6735 7114 3152
15 8858 9957 4068 1278 3557 5368 6990 8377 1121 5659 1889 2262 1642 3514 8759
18 3190 9246 3856 3519 7191 9754 1740 6912 9229 6393 2289 597 5059 6210 9497 7663 4128 4139
17 4078 8406 8934 6402 9219 9397 2167 7110 3934 5502 5413 1899 2891 3795 6701 7831 8688
16 6507 612 3899 540 8615 7185 8620 8005 6572 5429 9760 9029 5118 799 6483 8942
17 6885 2265 2766 6640 2469 4933 6379 3854 8828 3777 4040 5592 4892 1948 4713 1905 169
15 7256 4766 2876 7519 5883 7538 3465 8912 8013 6287 9871 3241 3065 3888 1511
15 8725 8579 5528 3987 2752 2218 9456 6538 8723 4262 1867 1934 9414 5075 4072
17 7320 3042 7179 191 7481 1260 3847 6244 8506 6523 3989 6705 5405 2080 3944 4226 6439
15 820 9446 8399 4067 7416 7259 2375 8791 5512 2689 2028 6927 8661 7001 6448
15 2922 1599 6992 4279 3455 7668 7691 2322 3254 1688 642 709 6945 5732 7172
17 5482 4616 8980 8903 4318 2535 5210 610 6309 8423 8840 4341 9839 7370 1744 1461 3525
16 4760 3628 528 9019 7232 8766 2301 1299 8398 3144 8677 9654 9228 8925 4855 4129
16 5552 8183 7475 7161 4386 9625 3019 173 1420 4641 313 9012 3174 8639 8630 6362
17 6392 4634 8592 2971 357 9242 6128 6615 6473 5384 718 4732 6145 3685 4090 8475 7564
17 3145 1125 9492 2169 2430 4697 4355 1750 7278 5878 7046 7876 4544 8844 9068 8279 4280
14 804 7343 5898 8540 1241 5901 2238 7316 6860 3925 2397 8094 7586 2549
17 724 7031 8977 1675 4250 5744 8500 7872 8264 9954 8593 5603 5329 223 430 4551 7184
16 691 286 1556 6871 1197 6876 2154 771 8577 1485 1693 9067 7863 2859 4417 9196
17 6423 7324 7487 544 2599 2195 6481 4597 6522 4630 2511 5906 2178 1176 805 5067 2387
16 8854 9371 8366 8400 7744 3405 6556 8924 1012 1370 2909 6862 4825 9844 5230 9681
15 3491 6319 1037 3524 2013 2279 8454 5748 6824 8122 5578 2699 5367 3441 2151
15 7901 7720 552 5387 3009 6452 2908 1725 525 3228 6252 322 2019 7130 1054
15 3423 6603 5262 4503 8438 434 3537 5157 2179 2654 2924 7432 1962 6716 7044
14 9814 5197 8324 8697 9504 3348 5760 6230 6357 7766 5905 4180 7099 1783
17 4611 7704 5740 2384 4834 7158 4395 888 4889 974 9917 1797 6085 5411 7005 3271 7212
16 8424 2607 1751 3306 5020 5683 3558 4185 6344 2802 8047 1589 345 4617 8787 96
15 9413 1408 7539 276 2767 5990 8239 106 7671 4638 9575 9007 9300 2114 264
16 7678 9858 1364 4239 404 6485 6519 7891 9078 4432 9842 3606 6368 2165 5006 9122
17 306 42 5130 2813 7707 9095 5318 5058 1009 3185 9737 9910 686 5428 6182 2464 7310
16 7229 7793 89 9378 6681 4530 3619 8263 8638 9376 7352 1371 5664 9448 559 6837
16 1134 688 7569 9804 952 7679 4486 9848 2207 290 3743 8437 5689 8332 58 1171
16 8544 1938 3482 7439 9251 2048 4739 35 6994 1895 7304 8245 5768 4382 7346 4148
17 7833 3516 4662 8286 3932 4622 1430 970 996 4004 1007 1564 6814 5282 832 1188 7018
16 6340 4115 8177 7552 7543 3836 6099 6919 3887 3229 7950 3548 510 7701 4723 3180
18 7662 4759 6595 9236 6509 8273 4718 6007 662 8000 4500 8511 4223 7340 8752 6996 9381 3674
17 7136 1753 8492 928 9120 9963 9302 9571 380 87 7036 3494 3982 6378 1847 8761 5214
17 2209 3384 6093 6961 3744 9165 5228 1888 9660 7097 3546 8859 8821 8390 3377 1137 3886
16 7653 5354 2330 4006 9669 2323 3443 7768 9499 790 8215 2426 5852 7620 6741 9810
16 2098 3123 5467 108 6983 879 1961 8970 1865 4545 7955 6225 2857 4132 376 1830
17 4473 5608 9635 9940 3844 2049 8368 5201 7317 5074 4785 5440 8976 2520 189 751 6365
14 2378 596 5934 1909 5658 6554 8494 6562 6329 8623 8931 781 6836 7033
15 3117 5370 5149 2715 4034 873 8257 7896 4562 5100 9090 2474 2818 2761 234
16 5062 4390 5966 8083 9263 3275 3091 3830 6312 8025 1694 9979 9072 5108 3132 4213
16 1579 957 9850 8797 3 6718 9489 3335 4089 4457 168 4401 7877 9434 2413 2837
16 4801 6610 6635 477 6284 9874 6304 5875 8793 194 9889 4168 6882 855 2683 623
18 5588 1817 2795 1330 16 4777 1380 3267 2391 794 243 356 21 7334 7990 600 1662 5268
16 2758 3860 8386 61 8699 2137 5671 91 3420 1620 2947 2651 1618 9458 1621 9430
15 8450 2711 2890 5153 8613 1588 1593 7598 980 6567 9110 4906 6192 7233 4080
18 526 3827 4808 1407 5999 5082 2918 150 2161 1098 2320 3078 1395 403 2589 9002 2546 4146
14 746 9662 3027 9175 5448 704 1368 2961 5366 4127 9655 6063 2560 5546
16 2772 6897 3656 3476 4560 7773 5580 2027 743 8642 8499 6354 2092 7809 7893 1221
15 1572 846 4870 5333 2212 1095 2745 6300 4363 4822 6693 3416 683 9008 274
14 2823 5771 8875 291 4636 1004 8349 9442 1837 3434 2465 9043 1661 9616
16 6950 4922 3383 3919 1220 2569 6036 3745 4736 1074 6707 911 259 2617 2342 5076
16 9888 2803 2604 1421 6348 5610 7866 800 9308 9771 9857 8350 9287 3828 1552 4756
16 2440 8568 7115 5185 1745 7723 6049 7467 9491 8483 5647 7873 2463 1314 3983 9794
15 9488 3181 7689 7648 7867 5525 5435 9619 409 1516 8832 6780 1102 7587 379
15 3832 5889 2244 5226 4314 606 5302 5278 7651 7257 8284 3360 5265 1726 9507
16 9601 5008 457 9984 7575 2873 9238 6793 4017 2989 1849 1002 564 6908 8621 635
15 8453 2583 417 4715 2664 9665 3904 5183 7419 881 3290 6941 5839 1063 9564
16 3155 8205 1285 9930 5910 1562 9537 9439 7405 1545 5781 7983 7300 2743 6398 3067
15 4260 5475 2858 5258 9937 9055 7227 4194 3487 2931 301 7560 6060 2893 2872
17 2156 1359 5942 8717 3764 73 365 8532 5168 204 3379 3315 292 5874 5330 5191 5356
16 9543 4543 3698 3126 931 5682 8737 5739 1549 2183 715 4565 7007 4546 210 254
15 4398 1038 8134 7020 5151 2519 3479 484 5821 6531 7928 1919 1701 3061 7102
16 102 8546 1842 4717 1715 8375 8679 5253 2542 4062 3797 4383 1085 7612 2981 6380
14 1965 3533 7929 8074 1076 8834 2728 8700 8131 4443 5281 1952 5767 1496
15 1785 4349 548 2012 2633 6985 6676 9240 3865 594 2935 8665 7288 7035 7053
17 6781 9692 4994 1779 2252 9967 6753 5052 2450 4454 8042 9056 4988 4547 6253 6502 8190
16 7851 3288 3503 40 4400 6421 3783 1344 2158 4931 8760 3194 529 6829 3801 2869
15 8172 9887 5113 968 8445 9825 33 1882 9153 8391 3407 9051 123 7344 5095
17 1472 1896 4751 8547 8936 2358 7022 7800 311 4444 4174 5035 8573 9092 924 3700 278
14 3883 9288 1704 2570 6516 163 4394 190 2843 1622 4582 2577 5800 9283
14 9168 6021 8971 9042 663 5229 456 1944 1132 5547 4869 4430 5761 2237
17 9435 3551 6245 2933 1175 6766 1203 7028 6944 8655 2068 3817 8558 3303 7948 8901 5577
15 3581 5952 9459 5598 7430 167 851 9380 9658 5028 1749 6224 1044 1879 6321
14 9111 6001 8503 9384 1913 8285 3604 3388 1256 3955 3839 7072 2204 3463
15 4141 9248 5555 9632 7383 9391 6369 2142 3176 5793 1045 5441 7118 5093 5842
14 389 994 5908 8282 5416 792 7605 4315 9270 3313 8505 1144 4813 9666
17 8090 8207 5077 6620 6073 3671 3001 7379 9338 5071 6606 878 4266 5080 4098 965 669
16 4753 862 450 130 676 2201 9462 8831 1657 1193 615 54 331 125 693 958
18 8946 436 9202 6765 9559 3696 504 8462 6221 9362 7468 1980 7815 3515 7989 8842 6156 5737
15 6197 4574 3460 3682 1756 4126 4093 6212 6584 7401 9908 7838 1490 1885 7307
15 3104 3991 8781 4436 7147 4553 3205 6854 8262 392 5096 3131 7157 4011 5443
16 5030 1415 2152 6864 5855 7957 813 9184 7675 3784 1349 2412 8605 1418 337 9757
16 570 1788 5846 6117 6677 1575 7719 9986 9808 1971 1680 7706 6976 2004 4288 3250
15 445 9498 7397 2459 7986 9147 2762 685 1242 7268 4687 4092 7242 30 1536
16 625 8835 6600 4937 3536 4252 513 4134 9149 6069 4990 2153 1459 1261 1838 4676
15 1109 9157 8850 8950 1178 949 5863 6419 9339 6666 2808 116 7150 2632 99
16 3387 7574 7394 2756 1239 8651 4298 2247 8182 3234 7466 997 4179 9279 7557 2006
15 8372 5503 2205 2186 8663 8093 6359 4348 472 1643 4823 7056 5198 6044 9668
17 7277 9194 4057 7011 9052 9268 4867 9599 9172 7038 886 2928 4515 9179 6457 7199 4109
16 701 2198 4088 5134 9416 8277 4096 3151 3243 1304 2286 6191 228 1467 6006 2193
16 4114 7883 4166 9933 6445 4408 4948 2409 4263 3398 5279 8813 609 6484 1103 9588
17 4768 9764 1186 2263 8530 1515 1994 1996 1342 2194 9883 7091 8857 2852 7973 5027 2256
17 4967 7995 8394 3339 906 9627 4104 4015 6547 1083 8652 7345 9116 133 5808 5718 6726
17 6613 159 2557 6168 229 1969 8790 8848 793 565 8602 7531 8939 6719 673 4637 2708
18 3236 7545 7708 4769 3762 9484 3122 2642 2797 3882 7765 4334 3191 6460 8691 3705 6026 4839
16 5604 2765 9166 7219 2396 4716 5783 2018 2433 9314 6037 5951 2720 3502 6228 6220
15 7633 3235 8017 736 3050 3731 308 6652 7580 2735 8144 5828 3246 2428 6846
17 5832 4447 6294 2963 4165 4393 1639 1160 6295 8486 5568 2629 644 3456 8482 9552 1416
14 3766 2297 8851 3396 3238 4069 8741 2061 1104 9502 2877 1761 6208 1866
15 6845 3210 2554 5483 5423 1612 956 9990 8974 1861 7188 4612 2500 305 6930
17 9014 8468 553 8919 9751 2147 8418 7361 4137 8460 8004 2009 3825 8616 2033 9118 8926
17 3709 1577 3505 7014 8829 7116 2401 4076 8328 425 1519 1668 9780 1489 9185 8341 6545
15 5703 1424 7694 2736 4529 4976 6710 3741 7142 1082 4281 9057 3094 5152 7853
15 8502 405 5675 2614 1681 2992 1322 7927 4885 51 4047 6581 6915 8338 8713
16 5057 9718 2649 3005 5520 9549 402 926 7812 7942 8159 2780 6187 6471 1458 9796
15 7760 8657 498 2916 6005 5797 7149 3182 4325 4542 7802 1935 6143 9736 8422
15 4466 1035 2777 7331 2479 4001 682 7338 9324 3130 6820 7958 2314 838 3753
16 9925 3153 1312 5914 1024 9428 53 4323 4745 4190 4559 6033 8892 8826 2576 1664
15 1574 9213 9227 5263 9640 7728 7944 80 4588 3813 7811 2116 4601 4851 6904
17 3922 9054 3693 4507 4957 3707 979 81 6389 2937 6268 3791 5420 258 7549 8149 3495
15 7080 5383 656 2 4249 4248 1804 6361 2892 7610 5480 1920 5259 1873 5695
16 671 816 6151 2573 5724 1300 7513 4880 2846 2799 2050 310 6510 9769 3889 6841
15 7828 5944 8297 9079 5117 1760 2744 5570 4229 7484 1988 1698 5817 7088 8498
15 3240 1746 3694 5460 8681 6859 4524 9994 1792 2030 7525 239 5854 5220 3137
16 152 1191 4773 5349 1152 7176 8050 9583 437 1248 6914 1524 6486 729 8762 3213
16 3632 4259 6935 5696 7528 2053 745 7393 6186 8150 7284 5964 1303 8384 7146 3961
15 6891 9868 5865 6493 3620 784 4703 3625 3912 6715 7082 4379 6406 157 3301
16 2586 7609 7984 9951 6234 7144 6341 9406 4589 468 9375 3146 3798 9694 5135 367
14 5465 352 128 6889 3391 1165 185 6978 5976 9815 8347 8345 557 6134
15 577 1130 7496 9702 8234 6746 385 8581 5523 3545 3431 5766 3321 7058 3605
13 601 1468 1860 6113 4887 8897 2679 8238 6609 4136 6082 1170 3211
15 2146 7222 3618 60 8714 2429 3297 3100 4158 8213 7108 6763 2811 1892 2125
15 4949 839 3575 4327 3410 7667 2782 1707 2562 1423 7906 3314 7884 48 9483
16 666 9826 9756 4824 5148 1283 1854 9880 4193 7597 9500 8008 3453 5417 4160 8550
16 3756 9441 2482 9636 1025 4514 9183 2337 4413 9420 2052 8536 92 7588 5379 5477
14 8724 9688 2954 6155 2555 7381 939 7748 4396 7305 1069 3543 9824 6100
17 6330 1387 5213 4802 3373 9974 3949 541 4487 8993 2646 753 9983 3635 8509 5581 9197
14 78 7511 6578 5112 3992 3722 1440 1839 5322 9526 6585 4081 1451 3684
16 1813 4796 5583 5794 9129 5713 8746 5170 1836 8040 1011 872 2878 6721 522 4167
16 3425 9328 8170 3044 3323 8954 2770 2687 5293 8466 2590 2124 6878 1308 8148 9729
15 1048 1846 7638 3295 8884 1677 6686 36 7703 4898 822 71 7077 3461 5730
14 7132 9336 9732 9836 3292 1042 6205 2403 619 3986 5000 5451 7962 1894
15 660 523 8513 1422 5144 1373 8569 4566 7993 8289 972 2923 2235 4448 5519
17 654 9440 4474 9787 1926 7976 2912 8726 3326 4575 1427 9818 4153 8611 3136 9800 5114
15 3720 9075 7244 6351 2024 9494 4472 6409 5769 9690 5350 2948 9739 628 9290
14 7937 4060 9699 7026 6313 1131 2738 5369 5055 560 76 2017 863 4477
15 2163 9942 4650 9806 9096 7572 4273 3654 1020 9812 5304 8721 249 2615 998
16 8078 4182 6785 9685 6973 7482 7842 9272 6979 2039 2538 6171 1880 8446 9959 8732
16 7643 3877 3782 1113 4909 8162 9831 5867 9795 9851 230 7071 8552 8278 2645 9453
17 8299 5241 854 7060 1644 4030 320 8389 9267 4446 6256 4130 39 1126 9367 9299 8990
14 2993 4236 1036 3150 7952 1592 2136 2233 4997 532 3298 8538 6399 2225
14 2414 3765 2940 2914 7436 4975 8036 1609 1852 1435 3975 986 2551 8882
14 94 8152 26 6925 1264 4302 9864 9939 431 4241 5169 6728 1452 2982
16 3233 4568 4944 5815 2085 8910 9961 7878 5105 1883 2513 4440 2606 8066 5752 66
14 7735 8434 1100 2168 2138 8718 4640 6847 7522 798 4985 5132 9935 7681
16 2648 1196 3579 3268 1257 4639 2748 1810 1081 5514 6590 4456 1483 9 1853 6670
16 4469 8896 3630 4896 7992 7715 8201 3299 4247 1431 2986 2705 9222 9081 8007 2372
15 9742 6461 747 3951 1600 515 6616 8517 3500 5904 4019 2408 3199 1507 4312
15 1187 182 9131 5668 6922 343 4307 2674 5146 7472 7328 1172 1128 8915 6743
17 9872 2847 416 3201 6275 9777 7201 8911 1802 8458 7105 5297 6997 2276 7740 8560 2979
16 493 4974 7448 665 2037 6767 4278 4221 1917 5343 8258 8089 5661 6024 1774 2077
16 9215 9460 3701 9304 2353 9773 675 3203 7240 1120 9720 6849 7949 8255 8254 5378
14 1824 915 6363 1608 4175 6816 4692 6436 363 8862 3563 8686 6544 4230
15 5645 1060 8356 1325 6242 3667 3281 1777 3340 5584 7059 8020 5909 3786 2206
17 2636 7787 7251 8120 1267 6822 9356 0 9451 3785 5070 3892 6954 5200 4603 7844 183
14 3209 8870 6092 4926 294 5714 3103 3427 2722 1168 5347 9278 5994 4332
17 602 7494 1192 1499 9150 5542 679 1149 3018 3908 4431 8878 8335 3926 4578 153 1567
13 2830 6425 5115 4910 5522 1222 8154 7784 8894 2188 6352 2171 9547
14 4077 7946 3385 9123 8966 2608 499 2281 5119 1647 2897 1091 4779 7656
16 2563 8983 8625 7442 4192 6411 4828 1821 8876 8477 59 5309 2389 909 3401 7271
16 7148 4392 2000 170 9752 2058 1689 7777 2680 6472 7767 5442 1003 5782 844 3723
16 7642 4238 7752 4311 5051 8957 4387 6215 5802 5490 7776 9964 6951 9389 3747 7700
15 2996 766 2442 2304 2239 7974 8178 9943 5969 1269 7122 4002 4930 4343 6147
15 4071 6597 256 5109 1758 3881 3040 4521 7062 7816 2325 2044 3317 4120 7615
16 5046 8364 7979 1051 2965 5868 8417 2950 5159 5133 6918 5404 5292 9501 1094 8168
15 4830 4794 5156 3442 289 9121 9725 9798 4726 8153 334 225 8886 1719 9570
16 6956 4951 7042 6790 9097 393 964 9437 6331 1692 8260 1915 5579 7919 9024 4335
15 5014 8246 8440 144 1124 9629 7086 3486 9762 8211 7925 4952 710 5716 9355
15 9189 7030 8118 4455 7650 9241 6427 7369 8528 5023 1548 527 1972 3003 920
17 2652 9589 910 3462 780 2677 8526 5784 7693 9260 9562 300 4376 4583 4602 512 9595
17 5798 7235 7698 1597 2395 9721 7870 4809 74 9006 6277 4140 5791 2382 4215 3175 8597
17 6229 9038 8227 3781 1398 2746 4313 1340 8251 7869 2230 9689 3121 5219 4161 1249 5943
14 5837 5324 6250 9621 3036 6105 5759 5401 7745 5530 8734 1436 1721 984
14 7313 5069 563 3518 304 703 2266 1610 9970 7068 9218 6337 9326 1535
16 8545 1247 6664 9612 8204 5896 147 9975 2601 9178 4204 9728 4696 9250 4918 6624
15 207 7175 1140 4917 3898 5706 7910 3984 9885 8358 4028 8769 1280 4829 5270
14 4980 1768 7969 3177 908 2531 4117 8493 1419 5811 1321 9334 7363 1413
15 993 1271 1148 1554 6278 8012 3272 383 8469 5403 7275 4212 3011 1856 917
16 2600 2496 4170 8566 9033 8992 2591 7751 3647 6750 9317 5311 5694 6429 5833 7126
16 3873 4246 330 1066 1964 2701 6299 1258 9436 8206 3364 4873 3849 8038 6772 6075
15 6975 5388 5245 9385 3139 2775 930 9648 2303 6185 4374 5137 9010 8796 7758
15 8698 4797 1014 6407 375 5348 4478 9084 3167 3565 3863 6582 858 4598 3389
15 1204 6729 8143 1809 629 7087 6752 1525 5861 9634 9089 4658 6508 1135 3963
15 2550 7871 2524 4415 1390 5166 9467 3489 6675 4665 5124 2066 782 6418 6698
15 9960 554 2305 1737 5945 1521 2794 3905 6015 7727 1166 8861 5869 539 6175
17 1808 2417 6879 1818 1080 4053 5912 473 2232 4724 4527 7536 4591 907 143 2845 802
15 2091 5049 1862 8624 3411 1487 8553 3215 1207 3608 3273 9651 8334 4471 8200
16 9141 9861 6683 3679 3866 7249 899 7441 6764 5911 1189 4844 2495 3923 3646 3437
14 9988 9257 5247 6283 8765 6703 43 9289 6097 2055 6434 7308 6892 5804
14 558 698 5529 9130 3380 2057 8365 4385 3532 2522 3454 5600 9902 5409
15 1568 1956 1139 3954 8421 6634 4048 2525 1118 7037 7785 7459 861 639 5924
16 5500 476 3312 2140 5574 3347 2920 3439 8274 9126 8214 4021 6310 6601 4633 9232
16 6812 5939 687 9128 4156 2101 5925 6738 5862 219 7875 84 140 8185 2704 982
18 138 9820 6655 6150 678 5796 941 6866 720 4145 1032 833 6651 7443 3981 1352 57 3409
17 1833 227 7458 9884 8072 1282 7526 174 901 1307 5045 3110 2643 9187 9160 5122 5104
14 2713 9791 5129 7367 919 7464 2541 1555 4857 741 5803 7025 9060 6111
17 5634 773 1712 8003 5826 6322 4795 7561 5822 7661 4520 3277 584 9370 4423 4351 5346
17 1925 1691 5237 1822 3367 8266 9477 1735 9733 7374 991 1754 8222 4402 5962 9996 3672
14 1942 7309 7109 2135 5705 9329 5177 9870 1683 6893 5289 3974 7739 1382
17 9360 3361 3914 9286 4587 6027 630 1898 8641 4079 7670 9035 8815 2260 1262 3568 2060
16 5160 8590 551 9755 6032 8820 6779 6286 5757 3774 2867 8659 4992 3464 2666 6433
15 8551 1425 7335 6102 6000 5 250 6553 7455 3035 4284 9490 8426 6375 2527
14 7047 9695 3064 6563 5126 4282 9753 177 9274 2760 9750 6665 989 8780
16 9211 5136 1410 5968 8046 1229 8968 9461 1767 5496 9835 9332 67 2977 2220 9421
17 8595 314 1067 8890 1558 7790 1236 5079 6274 5053 5704 4178 8907 6386 1936 475 8242
15 5673 1348 2399 5829 15 8913 3513 3429 5142 3058 1292 2998 5306 9359 9400
16 6227 8654 874 3953 7180 236 1904 6550 2132 5121 1000 359 8035 4218 8601 7757
15 3815 6200 6936 4084 1133 134 7981 1679 6412 4657 4375 4147 3812 7493 5971
16 8786 3060 6488 5472 2906 706 7299 9182 8322 5879 868 9372 3251 2817 5727 7924
15 9284 5613 9522 3855 1985 7637 9622 9044 734 1360 3631 8855 2682 382 5426
15 4904 1492 4122 5127 6910 2126 1547 3803 1871 6364 3603 1933 3807 2739 8031
14 1386 3878 7982 8751 4983 4722 8292 5935 4460 2647 3134 3879 7859 2888
15 4397 8339 5511 3322 5086 1604 572 6874 925 8628 5963 1960 3759 6895 3458
17 8044 6062 6970 4046 3716 740 7915 9898 5301 9327 3835 2062 1320 3686 3806 2671 449
15 6557 7015 6258 1700 2166 216 7960 4025 7390 3105 4504 6773 5848 866 1453