13 6599 2163 4060 276 4311 4009 62 1238 1411 4885 9973 4435 1214
13 45 8346 1364 5942 6983 9790 7016 1009 6615 4413 2799 7039 67
13 8033 3562 3856 5476 6459 9428 7185 6167 8517 9658 790 9575 9750
13 6440 6956 8983 5345 7699 8439 1236 365 9059 4831 5397 9012 4212
13 6428 9594 4166 9522 4966 2395 8293 4015 6215 5090 7190 9412 9051
13 9475 9960 7787 4870 5696 2144 5744 9315 1420 356 3545 4243 8335
13 2603 7229 4797 6046 6620 338 9825 2096 3243 5235 1852 560 2539
13 156 4049 6687 7929 7890 3380 4495 7988 6919 1132 7268 1548 5292
13 9738 3240 3878 8356 3866 571 7408 3300 9495 5183 1431 5096 9809
13 4467 395 9820 5156 6748 1907 7842 9485 8256 848 9690 1899 7554
13 2822 8502 1691 6754 7026 593 2295 6128 6978 409 4163 4844 3975
13 3039 6227 6214 9646 2756 1715 791 5670 6979 4931 7614 8889 1618
13 8103 2830 1247 6463 1863 2664 5610 6036 6854 789 5508 2062 8801
13 2584 3265 811 3333 5566 8693 4553 9565 8263 1610 168 6672 334
13 7318 3611 4543 9506 2396 629 3703 185 8828 8182 5070 4818 3290
13 5876 3581 5041 8027 9219 5724 9242 1344 7317 5434 392 7906 8106
13 2995 5030 726 5472 3268 9115 7865 3741 8506 7038 1189 4657 3020
13 2150 7735 2793 6819 2526 5713 4903 7526 380 2624 4241 4153 8189
13 1179 7132 7235 9685 2755 9974 5693 2762 8349 5074 4292 3494 4100
13 9822 2156 4794 665 9286 7769 5714 8454 6218 6675 2243 4990 5661
13 719 5370 7918 26 2145 7147 8991 1222 3465 3683 9056 3431 5768
13 9191 5524 7984 5965 4151 1380 7637 7467 8423 5838 257 9908 7596
13 1434 7313 5149 1014 1756 5020 6731 466 1433 8904 4040 3286 8769
13 2446 1817 1348 7042 4046 837 1994 3348 5296 7046 9420 7387 5395
13 7138 5645 9117 5794 3396 5251 5706 7891 5274 5502 6069 4374 5347
13 2635 3756 314 8503 6756 7482 1093 93 5512 1219 2835 7032 3453
13 187 5354 5503 2512 9073 4123 813 1865 7981 1555 1683 9545 5488
13 1959 8299 7793 2693 6407 2212 8594 3297 8645 9231 6185 9689 8659
13 8141 5703 9913 1066 3582 1985 4788 5446 3745 550 8055 3058 8844
13 6056 7609 5967 2205 1964 873 5901 3090 8377 2415 7610 4168 1319
13 2734 1938 8654 2524 3524 1025 3847 964 4454 8486 3850 4443 3131
13 9058 2091 3833 5545 2614 1016 6027 4137 190 4079 2909 9089 4689
13 6198 2414 9460 144 6150 4976 1042 8968 6793 9733 4520 2928 2699
13 3016 4260 1437 1205 5207 4250 4627 6244 9619 9339 4262 521 8611
13 333 5673 8432 1818 1560 4165 5671 43 8235 1679 5382 6287 8145
13 9670 3075 9868 502 3126 1239 220 1245 1194 2843 413 5064 2184
13 6261 4830 3991 61 7084 375 3346 3528 3647 4900 3313 7753 292
13 2921 8184 5771 7335 8540 4573 1095 9184 3427 1193 4334 4519 9072
13 2870 1833 4701 6416 9884 2049 5166 8737 1821 5293 2280 4401 4906
13 9151 9858 8177 6623 1745 3266 2359 1770 7927 9006 9363 5304 8616
13 4891 2182 4766 6970 1422 1462 81 4828 2613 4289 5429 1557 4456
13 8598 2563 5952 6482 3518 8697 2058 9272 7748 8723 7472 1889 527
13 5260 8085 4057 6635 7323 6718 8711 8365 8036 2919 1074 3392 140
13 327 8607 6610 1036 1442 3164 2057 173 4465 2960 4856 2052 9116
13 9145 2381 5532 4803 3612 1795 3443 2242 36 6160 6531 4293 1742
13 3183 625 7708 563 3762 8714 4096 7054 5739 4370 8013 7771 5281
13 681 2191 9791 3385 5263 8277 343 7347 8914 1310 4579 5964 7838
13 2223 6791 3765 3519 2293 9980 7086 4394 1882 1477 3835 3670 2705
13 2368 3832 2332 9797 4442 7845 8462 8791 888 5277 7409 5279 6098
13 9392 8579 3503 5675 1175 4018 7607 2748 2679 5975 6263 9793 223
13 3636 9328 9257 5462 4415 6504 167 4350 9675 4483 5547 1493 6310
13 835 1660 328 1779 4034 678 7572 7513 1525 9308 3105 6191 8899
13 9832 5325 2241 3618 9636 4227 9537 939 4953 1120 4062 4687 9007
13 6096 482 7395 9236 3373 5416 740 3644 6562 3675 1680 7195 5137
13 3660 3968 3361 8919 6973 6278 5368 5424 3192 3130 8122 6707 9249
13 7849 4107 9942 9940 3295 721 1677 1160 5315 9885 1849 7811 3174
13 9053 1764 4338 487 5855 4391 4942 9235 8848 3678 5904 3315 8455
13 3440 929 5941 4769 8327 4933 4278 7065 7240 7629 8668 4732 529
13 2717 1568 7448 4067 7109 8549 8368 134 9240 3167 373 2050 1371
13 6430 8404 182 928 3953 2147 6049 6437 8460 7580 4489 84 5766
13 2234 8039 3693 7120 3844 5066 9856 8897 5760 3304 7450 9857 3310
13 4523 2648 5595 8118 1325 309 5796 4969 6764 5900 3362 353 1935
13 3187 1599 1365 5237 9806 2201 4093 1322 6547 7671 5749 1724 9372
13 1566 7642 1734 747 5612 4697 7087 3854 5390 6523 5514 4223 2382
13 3448 8546 6879 3679 5116 3036 8281 6686 8649 8588 3637 3191 7370
13 2849 377 8386 5537 7279 2746 6779 3151 4385 468 8258 4019 1960
13 5371 3877 9992 1139 906 304 555 8572 8249 3234 8511 5327 1747
13 6130 2711 4754 1148 3259 9322 8257 771 8389 4229 8224 7706 9218
13 9106 9054 9336 6935 1024 215 1055 250 22 1304 6357 3194 8821
13 5266 8267 4568 9699 7985 1264 7022 8679 3780 4388 7847 4127 5352
13 5959 2996 2785 2482 8872 4286 6618 5157 8251 987 1516 7672 7830
13 6570 1824 8125 1860 6374 7790 489 541 926 4432 8131 5412 8861
13 6933 9194 7031 5185 2195 7144 8726 184 3037 3254 8358 9482 564
13 5455 6021 6796 3324 9612 1631 1138 2531 7592 2061 1360 6862 1695
13 9351 1204 9166 6928 3811 9761 2468 3619 9393 7045 5035 8047 2720
13 2922 6190 6578 7581 2506 2352 5682 3326 2470 3784 391 2986 2355
13 3353 7382 2335 2715 2048 5082 35 7028 5887 925 21 7400 1405
13 5835 2517 1196 1909 1421 294 2258 3103 8154 431 2097 7345 1320
13 9581 3104 553 3921 8699 8701 6566 3040 383 8211 5238 4032 8448
13 4172 5147 6729 2933 9129 6556 4302 6395 2194 5700 5059 3606 3314
13 8725 9445 6200 5377 9735 3680 5499 1998 9457 4641 7484 5329 2148
13 3190 5801 6461 6655 432 6348 9302 7878 5253 6572 3336 7824 5834
13 7678 3384 1040 9251 6102 3757 6500 3486 901 9270 1011 54 8536
13 1134 5262 5846 8586 9416 3716 8526 5596 141 7703 8794 3146 7429
13 586 3198 4632 7636 7742 7723 7406 5850 6971 5355 2802 2808 4667
13 7320 5955 8678 3316 8906 9907 4730 7598 9990 1081 8652 8878 4658
13 8450 9360 5583 5031 9669 9096 4309 1440 4117 4174 9835 5420 2780
13 691 9246 9366 4214 1124 1562 1373 5303 5748 2689 3508 1723 8558
13 2038 6982 2890 1862 4715 3411 2429 1784 1127 5523 594 1002 322
13 3831 957 1956 4458 2767 5949 792 7777 9415 3532 5530 7334 3721
13 8854 94 3128 4239 4455 7249 4183 1151 3821 4055 7036 9979 1919
13 9180 4501 9591 6003 5333 6421 4076 5218 9186 7024 9375 1825 6085
13 7418 8669 5889 40 1049 8884 2346 7866 4185 1797 7875 1329 2389
13 6885 750 548 7922 1059 5860 6304 6902 3100 3388 1256 4440 8507
13 5482 7205 554 5669 7295 1659 610 4116 4589 3086 8877 4988 4379
13 1999 3860 2330 9732 9384 8765 7149 9745 9491 6276 7761 8008 9216
13 2758 4581 7015 6864 3410 3283 1282 2745 8000 219 5297 7423 7941
13 9159 7794 5984 4318 9817 2768 6816 9622 1306 5976 3262 7939 4696
13 6042 280 5245 6699 6910 6767 5867 7915 2983 2176 5597 1395 2495
13 5254 1788 5334 8625 9120 2166 1300 9571 7316 4736 4124 7863 3834
13 3117 6257 7569 6250 2860 4005 1131 4621 1253 4306 1668 2891 5852
13 7833 8545 8434 479 8261 7180 6710 7872 8812 7597 3742 7000 3435
13 7426 1377 9584 7698 7442 2036 5478 2908 1836 3865 2055 8505 2044
13 6340 3720 5136 736 4400 3671 5683 6112 8518 4110 2509 1166 1920
13 8544 1573 9441 8566 9836 6520 970 9439 2917 7390 332 6590 123
13 2851 6557 5475 874 9273 4248 5058 7896 3905 5425 1233 1045 3356
13 2098 5837 5492 1407 60 979 704 5170 177 111 9976 384 7877
13 2772 3288 3937 5115 422 1515 132 1340 4545 358 6800 5533 1933
13 5588 2698 9037 7982 9382 7485 3783 8328 1485 4264 4647 1867 7560
13 7136 7047 5324 9933 8613 2339 8957 6866 4874 9153 4204 5550 7443
13 2440 3209 9695 2263 4607 2137 3949 7359 4724 204 8760 3055 8721
13 306 1752 4951 5134 5298 5868 682 7441 5439 1532 8499 9993 8604
13 8172 4949 8543 5129 1597 6876 8865 1904 3429 8238 1837 2426 2262
13 3491 3076 5197 7552 1080 5313 971 6369 8441 2132 9548 8859 5890
13 3883 7855 5528 7752 3150 785 8417 1342 6436 4031 1694 5480 9628
13 6781 688 4765 6258 5826 919 9504 6286 6559 8974 6697 4533 8939
13 389 5233 8927 9755 1398 9629 8634 9406 5105 6795 4898 8284 6581
13 1717 4980 8710 2876 6275 5945 899 8718 74 8483 2513 6183 5441
13 8858 474 4259 1590 3954 2126 4514 6752 4758 7745 5793 3298 5803
13 1826 4671 8170 9459 6790 3733 393 2744 5176 3785 8917 4028 3416
13 1785 5326 9104 3698 9123 1257 8754 3871 1777 565 9842 6651 6882
13 4611 9440 8971 7219 291 1961 2840 7117 8793 1427 1290 6252 9466
13 9413 9764 8492 8875 1197 4175 9329 8620 4880 4500 9771 2122 3134
13 1141 6543 1842 2916 7579 2701 4948 883 6312 1083 8602 6354 907
13 7851 4494 1339 7384 2186 605 6622 662 2680 1519 7473 5309 3121
13 9049 9446 3772 5153 6445 2358 2154 2334 4575 6296 7209 1908 9187
13 6507 9740 1746 4650 9621 7957 5052 3281 8005 8912 4665 872 2408
13 820 7613 1768 7458 1505 9625 147 4472 9324 9442 9921 4101 5290
13 8220 2765 6265 6231 8833 5051 5348 760 5312 5763 7942 822 1003
13 2805 7186 3681 2399 4777 684 8375 4395 243 3212 833 7108 9906
13 5604 8246 3911 4937 4926 8910 9909 6057 9044 6630 3078 9247 5830
13 1769 9443 4122 2012 2479 3292 2710 209 5053 2722 4460 9029 4428
13 3875 4574 3258 3659 7543 4636 8176 4358 743 5704 3280 6927 116
13 7277 4634 3972 3987 1554 4408 2106 6522 5406 4446 4857 8159 1034
13 4967 4759 5973 5112 676 4192 5351 6309 2142 4864 2028 7068 7990
13 4114 7781 687 2 2578 9258 1229 5759 685 576 5413 9502 5828
13 102 3704 5069 6402 3 2401 9540 4273 7660 1007 6609 1799 2276
13 5919 3827 8870 5881 8063 6255 3667 2238 530 9737 1104 2474 4547
13 6613 2713 8740 3149 8053 4587 1674 8873 2161 6567 995 3407 567
13 7653 6668 551 5247 4560 443 5022 6359 6944 3176 9970 3273 6367
13 4119 2198 6600 2858 2906 8584 236 6994 7142 2989 1986 9654 1436
13 7674 1143 6245 5553 2253 7667 8320 6205 1064 3648 9919 9780 9651
13 7584 5535 1712 350 4050 1681 8746 9183 9084 5843 8628 3548 403
13 8424 1925 8399 3598 2141 5144 8924 5784 7405 3340 7815 8562 8691
13 7080 7297 2554 7864 3442 3412 4858 6446 1725 4527 8391 2040 2685
13 4078 2550 4807 429 1152 9937 7870 9943 7111 230 1688 4290 7340
13 9168 1539 5209 6871 7367 5102 8381 996 7163 5071 4822 7928 228
13 6808 5383 4994 1976 7986 5726 3804 4377 3185 1883 5314 1754 3839
13 2586 773 3534 3903 7867 4739 8756 1368 3882 4158 3330 4882 1085
13 3425 3632 4170 6155 779 5896 3033 6389 4348 8123 2078 7355 6115
13 9888 2607 330 4802 2965 8663 9494 1898 6550 4577 203 4564 6763
13 1579 1512 227 6168 7151 171 5912 2536 4799 3069 2735 7935 1934
13 6424 6897 3656 3044 6284 8250 8006 8532 6162 7105 1349 5963 4612
13 9321 1030 8227 7331 5171 9719 2018 2450 4025 1307 8894 9332 5282
13 7643 4349 9743 8003 7976 8766 2622 2771 1802 4396 3379 8296 6178
13 4960 9692 552 1410 9751 9777 1547 7489 2064 8728 9067 1709 3127
13 7782 1492 1531 4099 7416 158 7719 2774 425 8493 59 9728 8337
13 493 1942 457 9042 5910 8072 703 9936 9781 9883 886 7531 8855
13 2209 3025 2365 3914 3331 4718 6411 975 6553 8040 360 6648 5689
13 934 7545 7115 5127 2430 5705 1521 4387 9853 8603 5603 1182 4835
13 175 7337 3460 288 3620 6322 1412 7296 4004 9203 5601 6997 865
13 6423 3492 5934 3781 4529 706 3091 1917 9554 8289 9562 1206 3124
13 4768 9561 5903 2305 1608 5436 8012 9395 4630 597 2068 1215 8665
13 6812 8961 1491 3694 8273 4001 1639 7768 2289 6329 6856 6224 6378
13 962 90 7397 7969 9076 1575 8178 9892 3770 6084 7305 1444 1303
13 7914 816 8934 2940 1737 6242 4694 8673 5401 1242 9720 4720 9228
13 2600 1130 1556 5815 8074 3238 3242 4950 841 2947 4684 8294 3147
13 9141 8730 416 2244 5968 6481 590 1932 1730 2511 5781 9983 9655
13 5634 862 4238 6092 8530 4677 2439 3556 720 5012 2931 9952 510
13 5832 4922 8415 8120 4249 8966 3225 4566 2477 290 5906 5169 6510
13 8097 9887 9075 2459 4186 9097 6519 8488 902 1317 5509 3515 4825
13 3423 7179 6888 9304 404 1588 5188 7379 3430 619 7037 4591 7404
13 6950 9038 528 9930 2815 2236 2920 4478 980 9178 7407 7076 5497
13 3922 8128 2954 7648 9033 5654 7361 3858 1354 7765 4833 545 4376
13 1587 3210 5653 9352 4910 9678 2301 0 2403 2538 1749 642 1698
13 8946 9031 2152 7244 1890 8575 9665 8920 252 465 3794 8191 2066
13 577 2086 1805 6117 5999 1913 6105 8022 6300 1971 8147 4021 3798
13 1808 9213 6595 3005 5400 6868 8500 4692 1895 6515 8617 7525 6368
13 13 7006 7871 3099 1053 7436 4313 9795 5862 6277 1643 301 2878
13 4804 4303 9361 7449 6351 6211 1487 7751 1759 400 70 300 8956
13 8078 8472 656 2228 434 3347 216 3203 7483 6824 9281 933 1244
13 4904 994 2442 7894 780 7980 7375 7840 4190 6344 3608 8832 2852
13 9601 436 8903 1275 4386 7773 1203 9533 4044 9274 4140 2647 9179
13 9714 1831 5721 3476 1267 3610 930 150 3341 871 9500 2325 4092
13 3060 2766 4088 8778 5456 6125 6341 5742 2961 1032 1419 1460 6018
13 8849 159 2855 3560 2535 4082 4795 8478 3711 1118 1622 3507 7007
13 3709 1415 9747 5751 6177 7430 7327 3625 9851 974 7091 7645 2606
13 3592 286 3630 8885 7650 6912 9803 2136 4083 3481 6820 5124 8231
13 3766 7639 1704 5997 4710 2912 6551 5010 2525 7455 7257 8857 4430
13 3249 9688 5564 3201 6237 9963 2609 5875 8322 8476 718 2178 6025
13 1574 1387 915 4006 5226 2873 6634 4642 2179 1020 878 4869 3635
13 3873 7566 6992 6493 1429 4181 6727 6212 5878 8025 7536 1630 2416
13 2139 4447 2874 667 5598 6123 6658 5506 2233 1693 3925 9821 4147
13 9014 9288 188 1100 2239 4628 8970 7880 5570 734 2030 6999 71
13 4466 5097 9635 3919 6410 9590 6007 3651 5757 2071 6989 7377 3360
13 3387 27 9202 9632 421 4983 8410 5587 9338 5100 1092 7766 1044
13 4322 4662 810 4535 7232 3122 6826 2738 1810 7097 2725 3490 5913
13 1572 8896 910 7253 663 1969 2298 435 4938 4363 1226 9862 331
13 4141 9718 5555 4717 229 1923 9356 5177 1839 6860 7816 3817 2520
13 526 8183 4773 4279 2353 6822 2642 9350 8641 7784 7336 2255 3488
13 8044 9157 3471 4327 3177 1430 9961 3513 4003 6097 7503 3631 5428
13 6229 4397 256 1520 4195 8108 2375 9975 7916 1259 6138 686 2900
13 1711 7606 6959 4909 5658 5990 2918 3830 6328 9126 3791 3553 5905
13 7245 5388 5213 69 4622 9027 3917 4809 4640 1792 2522 9703 5611
13 701 2847 5195 7516 8751 289 4323 9753 9451 6015 8213 7983 5024
13 8099 8121 7496 5128 6283 4053 3019 3439 420 6472 2763 3434 3795
13 295 275 7695 4896 3907 6016 5857 7541 5168 7812 2547 2935 8538
13 3216 9662 1285 9019 2752 2218 5619 80 7755 4559 3743 5699 8605
13 3155 23 1807 9804 82 8421 675 7369 793 7661 3364 8815 8591
13 8995 5130 7402 6936 6113 1217 9407 107 6186 363 4178 1023 4295
13 746 8383 3899 9039 3707 2775 1542 7960 1603 5407 7925 4383 2316
13 6392 1846 6151 2971 1600 9549 1198 2794 5159 8477 991 3955 3284
13 2672 4805 8080 6363 2051 8046 2391 2574 5084 9317 2629 8347 2877
13 1408 9727 8850 2472 6563 6966 606 5376 3544 5879 8330 1988 6213
13 6975 3179 6294 2469 7575 3275 7239 6817 437 1676 7243 8907 2092
13 78 9447 7529 5387 3992 5797 9955 7227 4193 5568 9815 5818 115
13 8980 6319 2000 8745 9095 4314 4722 9648 6236 7835 4201 2412 4179
13 4189 2090 1021 4217 7519 6292 3114 2409 3724 1248 5175 5404 2859
13 5014 8364 6640 3682 5940 5542 6703 3170 1767 1089 6225 5083 394
13 3516 7511 2069 7060 9899 9773 8933 7393 200 1301 7727 6674 2998
13 1813 2297 7475 2599 2135 2024 4069 6393 9289 7304 5311 1069 6948
13 3363 9248 8592 7724 5258 6485 8564 117 4194 5142 7522 7267 8989
13 8786 596 8969 3867 1558 4817 7299 4356 3715 9254 4431 644 9833
13 8057 7175 6093 2169 3702 504 8727 3558 3654 2457 3546 7213 7989
13 4115 3929 7439 9891 3623 3118 6299 9583 9808 6847 9917 2948 6206
13 4935 1191 1186 477 7116 7721 1854 3587 6163 3487 9910 7188 239
13 5062 1125 6857 2042 1250 9874 8050 2950 5911 110 1526 7873 1489
13 9111 8394 8166 5632 5520 6766 9121 3182 5969 4785 6171 997 9739
13 1965 4246 1330 8052 3367 6844 2782 4550 8687 1039 7131 5291 9222
13 4852 5557 2649 598 3323 9241 4486 6361 4017 135 3110 6582 5847
13 3042 8468 5908 9128 9150 6753 7464 2232 4521 7401 8215 7282 3456
13 4052 9538 1924 8717 9515 7715 473 7338 4444 2552 3228 8967 7056
13 9925 8406 3701 9606 5181 7176 2673 1258 8528 2183 715 9677 2818
13 1048 5944 5886 3064 3417 795 8093 5396 7993 5133 5036 4582 8661
13 654 7704 8073 1835 2914 4867 4307 4487 9425 1545 972 2120 5118
13 4065 2496 8952 2769 462 9708 2608 4089 6535 472 9368 2913 8035
13 4182 3665 1751 1051 8234 7679 8834 9107 8274 8593 532 2188 1144
13 9861 3235 2813 3172 5151 515 9229 5457 7693 8150 8318 2548 609
13 3145 5939 5206 130 3764 1276 9055 2433 4145 2595 8067 6434 9618
13 4661 4796 4503 6474 5460 5783 8201 9898 9954 7330 2867 2153 1128
13 9340 8568 3027 5349 8936 1293 1996 8577 1028 1671 2373 4136 1650
13 9189 8653 9200 16 3050 6794 456 5556 9994 4929 1861 741 5894
13 9435 3247 9470 1772 5829 15 1593 1299 8541 4691 7950 2857 237
13 152 8504 8286 9385 9967 7728 7910 174 2281 4958 9035 8437 9300
13 5057 1595 8134 8949 9454 3836 9467 4048 9660 8655 6033 8144 7949
13 7427 9498 4808 8547 6516 5229 6427 8553 2937 7664 6914 6454 5200
13 602 3496 8026 9224 3291 6657 5201 1944 6473 6233 9090 1163 2080
13 42 6488 2836 3264 5244 3755 1414 9182 4341 323 5647 9664 1948
13 6197 1359 7251 3322 1465 5210 3479 3420 3912 7374 8260 8734 2465
13 4760 3628 9756 6961 9268 9462 6616 499 6750 4997 3986 8976 5332
13 2378 2864 3051 896 8193 238 1750 8646 8398 2955 4497 6693 7237
13 5046 6980 4751 1675 9754 8418 8913 4251 2601 1082 7071 9704 1459
13 7633 4066 7173 7481 9397 2394 7412 2266 7202 2083 452 8222 9370
13 445 3452 1113 850 1776 6262 1592 4524 2562 5403 8677 6238 55
13 9371 5336 450 7191 9190 8954 6643 2674 5369 2654 753 2643 709
13 3590 9957 6890 2384 3139 9915 4703 8741 9949 7955 8862 5694 7846
13 660 6770 1816 3855 5585 8266 8285 6652 8876 4542 9760 9964 7459
13 4473 846 4169 3932 9139 3851 7691 7561 689 8309 5350 5998 387
13 4071 3181 5966 6889 5308 1283 3001 2687 1897 7651 9812 6449 9158
13 5552 9243 68 8324 2633 4304 4597 1541 4562 6268 7284 6460 6728
13 7828 1035 191 4957 1178 2677 7201 4745 5301 2009 6705 1402 5162
13 3236 5467 9568 2963 2168 7952 8958 7278 8627 9093 5578 6813 9303
13 7662 7539 2557 961 1220 9721 8609 8463 2274 6708 1158 1880 1097
13 7937 6001 281 3950 1758 2519 1689 4734 3777 7415 2943 39 3241
13 1109 2803 8017 5483 5005 5525 5435 5163 1549 6872 4064 5701 2842
13 1472 7030 3383 3462 1210 6554 1804 2331 3018 1692 4941 584 2121
13 570 9589 1670 9984 5148 5318 2838 2337 7869 3320 3506 6954 8435
13 7576 3782 4757 9592 7528 1604 1004 6744 2832 5028 9529 7958 6386
13 5465 612 7358 3350 2555 4393 941 9078 3500 7462 161 2502 1176
13 2993 1425 446 8890 627 949 5323 5223 9314 620 5951 4873 3622
13 1641 6154 3501 8841 4476 7286 5580 9880 2039 4792 7767 5811 4992
13 3902 2583 3575 8438 2343 8681 2770 9172 9149 1269 5440 7059 4132
13 1466 1038 5938 170 8820 4355 6221 8911 3158 6385 2924 3563 92
13 8551 352 9492 540 4144 3186 7538 3604 1121 3774 6210 2610 1126
13 8090 6671 8851 6030 2085 73 7061 674 4325 1980 6918 1915 5417
13 4753 8207 7183 968 3696 768 8111 2853 2207 2320 5192 1292 5579
13 9488 6497 128 7351 3391 4104 4975 8001 8316 6715 83 798 6780
13 207 8948 5917 659 8445 7259 4673 3489 4457 5384 5983 2887 109
13 9215 5008 7309 8733 8162 397 9238 484 8840 51 4130 4266 9309
13 7148 4236 4996 2304 357 9147 8239 9380 3802 525 1708 9092 6352
13 138 6062 5113 4480 952 2101 8442 311 7078 9634 9839 4375 6612
13 558 5613 8977 3951 8204 908 8790 2797 5343 9260 9110 2826 1796
13 1386 3551 336 4824 3405 208 6859 2410 8783 7743 5584 6849 4402
13 9988 1271 5740 9966 3455 5307 9223 3520 87 8206 9173 1589 2314
13 9543 626 271 6234 4200 738 2637 4672 2303 3908 3863 5000 8248
13 666 9136 7014 1809 3009 8992 5925 9133 1098 2646 8245 5791 2577
13 5777 405 7380 5310 4834 7381 4231 1735 2175 7709 8623 8552 781
13 2265 4878 34 5461 9816 8937 9599 3803 943 6711 1435 5442 5411
13 4398 9826 498 8624 5423 4567 9585 5639 2318 5023 4281 2116 3819
13 4764 6597 4481 2570 1644 5883 2644 1012 7931 5119 8214 778 5974
13 3511 4989 8297 2736 3744 7974 8494 3904 9267 4652 2100 359 8938
13 2823 1312 8143 7020 1855 7621 8798 3299 5496 5490 4728 8413 5063
13 9282 2351 2005 1417 5117 5 5863 1302 739 2558 8153 4515 3849
12 601 4392 7421 1822 6677 1740 4221 2313 3156 9889 546 2397
12 3153 8205 2418 8829 3898 784 2868 7675 7468 6037 2590 7432
12 671 7494 5529 7744 653 6746 9546 9986 5769 5474 9526 4565
12 9155 3505 4660 9956 7625 4887 3669 6419 266 7062 5592 2656
12 2636 7216 417 8464 1448 1794 9989 6738 261 893 3484 2946
12 4077 7720 7611 5895 3557 2279 5167 4315 5146 5045 1647 2897
12 8453 3169 4507 4917 6073 589 690 7356 1620 7135 6574 7785
12 6845 7487 7689 2573 5680 9489 5353 9939 4247 3989 8808 1389
12 8561 698 5077 9052 2966 3332 8831 2489 9854 1207 3402 6552
12 993 2202 7694 3278 9640 1787 6099 9461 5278 9376 2651 6773
12 9872 1896 9227 3763 6995 1441 3573 6747 8993 8944 1309 8931
12 9742 7574 1067 1278 7603 408 164 4452 8680 5189 5501 3846
12 4974 523 4944 8130 5182 2221 5125 3480 4588 7419 7466 9871
12 8724 6152 7011 6509 9520 9165 3541 6274 2707 5687 6318 8813
12 2452 9417 2604 9378 1390 2167 385 6295 1609 4095 2760 5106
12 9890 476 854 8049 2841 7668 9456 1174 1602 3166 7776 6456
12 3123 6347 5865 2140 4784 1076 6676 4134 9798 6690 3892 76
12 724 8590 3579 9785 5574 6464 91 6409 194 6364 8369 1524
12 7901 8447 8431 2640 4152 5522 33 1888 5935 4638 7352 6814
12 7883 7343 702 6032 9627 3267 1243 8264 5510 3144 4945 4914
12 3815 1893 7979 1700 9772 3537 5079 9362 2001 8988 8573 4316
12 7256 3775 9951 7798 879 4030 8569 2435 9499 5659 648 4823
12 3256 534 7329 1499 4655 53 5228 8292 5861 7670 868 8755
12 6638 7096 8513 1926 3536 7158 3205 3934 9220 3398 8253 5018
12 5500 8440 49 2003 931 5126 319 106 4889 5068 1564 4952
12 7822 6683 1140 8282 6444 2569 2591 3984 3215 9818 8089 3454
12 8315 8835 2777 4 2747 221 7605 9725 8642 5055 4921 310
12 9696 6785 5898 7230 6313 1165 7944 7392 1871 4272 3035 4344
12 8407 3533 89 460 1241 3722 402 6470 9436 4726 569 9057
12 6891 3482 3339 9130 4126 9391 320 2541 6331 6666 38 5405
12 9284 6720 9131 3306 2013 4252 6990 9762 2542 615 6586 6145
12 4469 8339 8565 7161 3845 1760 4282 3195 4263 8689 4544 7009
12 2652 6931 8481 1614 1123 6379 4298 2499 8469 3813 1168 2370
12 8709 7946 4091 3746 6005 6985 572 8076 5802 5856 3277 258
12 9814 7222 4068 5109 9484 8651 513 1707 5822 1423 9087 8350
12 4801 5608 5914 817 2323 2801 6267 9310 8638 6412 3797 3982
12 1187 6425 8400 2252 8237 1612 9477 2322 6740 4679 7802 8892
12 1577 3119 1192 2037 7383 5360 3079 2027 3887 6188 2011 5249
12 5798 4474 8781 3735 1260 163 5138 2247 8262 4888 7328 6976
12 6669 8366 5511 9559 6869 5224 679 1167 7680 1096 881 5770
12 6330 5241 1983 6925 9752 2992 2129 794 5821 7876 7122 9855
12 3233 4390 1037 4436 8471 3731 630 5772 8042 5322 3825 636
12 8595 3171 7394 5534 6681 3881 5916 5302 1326 6256 2260 1172
12 9211 1062 544 8950 7992 4639 308 8581 9870 3565 6893 4284
12 4616 8523 7638 9408 4629 2053 5637 6874 2788 1872 4504 2076
12 7760 5756 6475 273 4156 232 9864 9437 8874 5222 8943 9497
12 804 5049 3640 9811 2930 7203 7110 2310 8458 6606 1228 4892
12 2417 1468 3643 4219 5086 7488 7800 2728 1370 8325 3603 2124
12 7995 8657 108 2350 5448 6280 3997 2158 6584 3229 7275 5289
12 8644 1060 3260 9079 6922 3318 9394 927 8004 5366 4782 4002
12 6603 8152 6765 8083 4716 4530 5433 9848 6230 2230 7082 1585
12 5160 9850 6664 6382 4084 1133 956 1657 8700 2286 9127 6585
12 2146 2795 8797 7707 9263 3049 3335 6538 2846 8466 4047 8824
12 8372 839 3302 5668 6815 2138 3272 800 670 1218 4774 2020
12 1753 4433 6778 5516 8615 6580 745 2021 9531 313 199 2923
12 7324 766 9787 9175 7177 6452 7349 1149 9327 7291 9593 911
12 8698 1424 3312 9702 6000 9831 851 4205 2892 5121 1000 2825