5 466 2871 5605 8928 1928
6 4032 201 8126 9579 1727 6673
1 9307
2 516 2467
3 5956 6106 3008
1 2634
4 2953 4381 8081 8816
4 3171 9523 4840 2451
3 3578 7261 7917
7 987 428 2108 6180 1706 4913 824
7 6215 2689 8217 5981 4510 8542 1559
6 9389 3004 4721 737 7174 2067
2 6071 7854
4 7780 121 5813 9152
2 1126 8265
5 4243 5198 4208 172 2623
3 1724 2753 3048
6 8489 1514 8852 9652 8501 126
7 5964 5606 3230 6040 2329 7926 7921
1 283
3 8982 891 7194
4 5629 7617 235 9346
1 224
4 167 425 8891 3188
4 6284 8095 254 5987
4 9177 4305 1270 5002
5 1366 3928 5672 5922 7775
2 6595 9604
4 2135 6296 1254 6235
6 1073 8252 1031 3438 7090 4268
6 7163 4882 8531 4407 2544 7123
8 281 5440 1783 8341 7281 1385 8037 3810
8 7694 4706 8054 4848 8788 6203 9912 5638
3 813 4959 8771
4 6224 8996 6248 5044
4 1215 9893 1337 2431
4 9025 442 3467 7568
3 3358 3274 4897
6 7190 5692 8495 1041 8376 1399
5 9488 4075 5234 2618 9607
1 6055
3 2742 1184 6371
2 6771 9403
4 105 344 5780 3957
3 6190 4783 3901
4 2893 9423 3758 9354
3 39 2667 8548
3 921 3652 6632
3 8680 6147 7747
2 9658 6279
3 5028 1019 8392
6 567 8902 4061 9517 6722 655
4 4064 9342 2291 2494
2 6492 8715
3 1743 9045 1868
2 6002 3531
5 6727 1859 9563 5970 5991
4 5304 588 6880 8194
6 6280 4022 1155 783 1974 9349
4 9545 4749 1667 1027
4 7109 7706 6489 2936
5 8976 3178 4176 9947 2810
3 8101 7470 953
4 1939 7435 9003 2796
3 8983 160 4354
2 9184 7908
4 2574 5084 5242 3159
2 5173 3829
5 477 5244 6976 439 4347
2 853 3006
4 4613 2616 4973 1738
6 6428 9439 5337 4337 6222 3530
3 3032 9828 849
3 4780 3404 7756
1 6598
3 5760 9514 9109
4 9696 4401 1361 7911
6 6509 238 4085 8712 9829 3956
8 8273 4758 2226 5203 7972 6022 9285 6680
4 9233 5498 5559 5107
3 5477 8916 8412
5 3237 4908 3979 9869 2925
4 851 9706 6281 5877
3 9766 581 6898
4 7776 6545 3157 6955
2 347 4087
3 772 4173 6587
4 1809 2362 4695 9600
3 5705 650 8240
6 3508 9409 6929 4827 637 5491
8 4776 920 4704 6101 6920 8018 1655 4329
6 5924 4043 3559 852 4895 9212
3 7003 3074 9941
3 1357 4746 2968
3 8342 6713 3080
1 98
3 2245 7817 5674
5 9236 4731 240 6755 1791
4 1285 5802 9642 561
4 6263 9164 5317 4659
6 5327 6306 9686 4412 5374 8574
3 4029 4517 4135
4 5298 6321 3948 3767
4 6304 2096 7508 5193
3 7877 8558 5065
2 7966 5257
1 7850
3 5034 65 969
2 7956 4962
2 3668 3663
3 7804 8918 4548
5 9055 7888 1937 7951 7577
5 5827 7905 127 1263 9841
4 9715 7220 9244 4923
6 9874 5665 9004 4150 575 5320
2 7945 5392
8 7309 7648 130 6689 1432 5402 8880 7049
6 8143 1684 7266 8719 8202 9802
5 6951 2324 1981 2942 4901
3 4600 1464 936
6 1519 2741 6688 9069 2501 9799
5 3690 8556 3219 6881 578
4 6469 415 8979 7399
3 2190 8708 6091
2 5280 1533
3 4845 573 9932
3 3179 4572 3422
4 3081 8823 6496 1327
3 6635 3473 4712
2 4219 5365
4 1988 2665 9916 4964
3 3115 2222 6787
3 3980 7440 3540
5 1566 9329 4287 371 1993
1 7368
4 9813 455 5928 7537
2 9543 6142
1 7774
2 5089 1522
4 2198 2948 3931 3918
4 8150 3483 7729 5851
7 4737 1582 329 3475 1022 9748 8402
3 5294 2927 8298
6 3073 4513 1426 4362 8893 8799
6 4980 7263 4222 3406 6637 6269
7 1628 9181 4271 1287 6141 4998 9894
1 6830
3 4446 4735 4585
3 7560 5958 5897
6 6448 5577 7363 6199 547 6626
8 9026 4013 8203 2856 3717 2105 2119 8465
1 4940
3 5910 1505 1778
2 4774 4821
2 2401 1136
4 6053 7687 5430 6202
7 8995 3939 9030 9080 1071 6633 5285
5 3090 6256 8169 3218 480
5 7393 5330 3864 4741 3227
2 8978 6038
2 6186 5007
4 8825 4663 1324 6189
1 7364
3 3348 2516 7997
2 5468 2952
4 3193 7463 3796 7654
3 5788 988 341
4 3971 8218 7214 6575
7 1044 9919 4985 2899 8016 1008 2267
4 6387 9000 6762 8479
2 1630 9481
9 5816 3141 9667 7746 6308 5032 7741 4384 4978
2 6303 5779
4 4694 1557 3621 6576
1 5453
2 6060 8964
3 933 5060 5953
5 6875 8749 5527 5092 6405
4 8809 8635 6840 7270
6 4076 9763 4709 5526 4411 6301
5 7724 9001 3474 8070 5738
7 3181 5874 4316 5599 9953 3510 9770
4 5728 6631 9358 6511
4 9964 692 8743 531
7 1624 4451 9602 6254 8032 3450 5717
3 5696 1615 9204
4 373 4785 937 4762
6 9434 749 8197 8682 2807 9388
1 9404
5 4899 1277 6076 8485 8774
4 5651 5458 24 63
3 7258 7726 6542
6 1303 875 8160 1634 2938 3570
2 2363 447
9 6233 1586 2177 638 4961 2357 4352 3719 5486
6 3155 5671 9407 7087 6524 7652
5 1787 9074 8782 3760 3595
4 6517 2405 8317 2786
3 6525 876 9555
2 8229 9192
2 9029 1289
3 2581 4995 1235
3 6754 5602 5255
4 4194 8794 1079 1503
4 4297 4811 2999 9768
7 4788 2960 5064 1879 2160 6094 9827
3 9684 5618 1428
9 3353 2947 8458 2837 5131 8557 9950 5712 1665
5 1942 8643 8567 5593 5269
4 8701 3282 5363 8945
4 2931 5689 2881 2084
4 3963 4462 652 411
8 1436 4434 1729 8716 9788 8374 5609 9410
2 4416 9163
2 6710 7796
3 4066 4016 9724
9 3579 9716 9875 7963 880 3779 3985 4682 4915
3 3639 8068 9697
4 6975 6122 5677 870
4 6935 2690 7 2587
4 2347 1369 2789 6413
4 9114 5344 2862 8395
3 2437 9731 7688
2 120 5787
4 8580 1513 9402 6148
3 5177 5391 3529
4 5379 7099 8792 6627
3 3487 2502 4644
6 3284 9367 2905 3626 1943 3857
6 4815 514 4365 2498 8522 1551
3 2974 2398 8114
2 9347 9431
1 1596
3 9380 3750 6656
1 7690
5 7427 6610 8205 1323 7540
4 1322 7750 8221 7820
2 9480 694
5 5110 3421 8105 7900 1990
4 4812 806 4461 8387
4 9237 634 9143 3826
3 6677 8174 9138
5 450 862 6751 3092 7134
6 4359 770 2559 3729 7029 7165
3 2017 1686 3106
2 1916 9918
4 7920 6972 6325 2493
6 2872 5750 8459 5893 7497 973
6 3056 29 9859 5918 3962 6730
3 2868 1180 4539
3 8645 6981 4419
1 819
7 6388 5328 1945 3424 4326 6086 7887
3 5206 6555 4235
3 199 5640 1793
4 5081 3994 9318 869
2 1230 8096
2 5025 511
13 668 8354 3613 8323 9978 1957 5521 8343 2990 1446 9293 8585 960
2 4320 6942
1 7534
2 1668 2497
3 1562 1594 9968
2 6699 2879
3 1749 7504 470
4 2520 9656 7705 3808
4 5199 7192 7152 2288
5 207 9086 8596 5489 2994
5 8328 1497 3311 9094 4556
4 7001 4470 730 6625
3 1454 8606 3071
3 7064 5864 3870
3 186 2189 503
6 288 3687 1375 6029 7002 2809
3 4976 5574 5513
6 8067 9760 4404 372 7413 9782
2 6483 3305
6 2035 8077 2572 4947 5633 4097
2 7227 7839
5 2648 4130 9726 6916 2585
9 3496 3268 5201 8384 7792 6324 3589 103 1212
6 5171 9214 1658 7858 287 8895
5 9512 3089 6153 3601 6952
1 5216
2 5061 4714
5 6117 4074 2434 4619 7805
2 8763 6663
4 6548 8058 9022 1851
2 9536 4256
6 8339 7430 9537 8569 5172 696
2 316 3038
7 6747 4089 7112 7588 5625 8117 4540
2 2379 3021
3 7473 2076 6246
3 8734 8192 3366
4 2992 3045 2275 4418
7 5619 3303 8510 3521 9082 8660 8768
3 8755 7396 4063
6 2826 758 7469 5575 7306 3952
3 2736 3226 3062
1 9018
3 3906 7789 5050
6 5952 7867 5471 5215 9064 2217
1 2099
3 7948 7433 8694
3 4718 5158 9786
2 5536 6216
5 9890 861 5358 8484 9556
1 4832
5 1178 7159 7189 6297 3913
4 9808 9113 4224 3399
3 7106 9991 7063
3 3576 9972 9895
3 8065 3355 8314
1 7934
10 45 9267 7927 3379 8612 7665 166 4680 6266 7593
4 7662 5360 3263 8583
1 8670
4 7284 5530 1618 9784
7 4529 8901 7495 5141 8451 857 9100
7 7675 7405 4387 7740 8061 7930 6596
6 7975 7490 640 7551 1975 8619
2 4088 5178
7 3615 6109 6858 1153 7711 1576 2103
4 6903 2093 5985 5789
3 5875 9405 1773
5 9812 4846 1510 6442 5591
4 4054 5548 8011 2249
1 2436
4 9930 9578 7818 2254
5 361 2211 6490 7156 2956
2 1718 2388
2 5507 2907
1 1875
3 369 7164 7649
3 4670 491 5561
3 6932 8776 277
6 6568 8388 7224 7169 5621 6561
3 7625 5519 722
6 6856 639 2340 197 8305 4111
4 2276 4253 145 6647
2 8243 6906
4 4067 2003 799 6960
4 301 5986 9193 4526
3 5913 6356 2678
6 3534 9891 9674 2366 9744 2582
6 8620 7403 6834 8408 3734 1637
6 2839 6957 7799 4798 5698 1678
4 4350 623 2104 4871
2 354 3143