26 6599 6668 6888 9352 9076 5860 8754 9350 841 8309 2100 5998 1147 3220 5540 6376 5628 326 1940 5544 4209 7048 1815 3274 3366 8114
29 45 1752 6959 6699 2253 9027 4231 7356 5838 7709 7771 8899 412 2424 3344 3102 8480 524 2022 7634 5866 6370 8433 9576 6360 3138 7424 8180 7492
30 8033 2381 6214 3921 9817 9790 3804 760 1759 358 2835 1723 9628 9311 7112 1706 9598 6963 3088 8161 3395 4663 2529 5039 4908 2691 1263 4890 9544 6090
31 6428 2452 6347 2418 1863 1907 1293 9540 9745 5439 4264 2509 1493 8413 1402 7312 1145 2015 6078 887 3244 608 1987 1107 2545 6339 9148 4437 5736 1946 5738
30 6440 2698 4433 5345 432 338 3186 6551 6112 2613 3304 3742 3490 5894 7696 3026 4669 9264 1225 7591 8056 5047 6047 4403 4038 6251 677 8270 5042 4188
29 719 8472 5595 5545 9891 7625 1787 2868 8645 8603 7473 4243 567 9233 9177 369 4815 8029 4118 9706 7646 5620 5922 1857 7711 4811 617 936 5320
27 4467 8184 3937 8885 4655 408 2439 6744 3715 2558 8253 7596 3778 1914 6462 3799 9174 6195 5616 3966 1331 1527 4927 7542 1601 7841 9478
29 2603 4065 2864 4632 4803 3612 171 7375 975 7483 4958 7131 7282 2790 2800 1517 5746 8370 1780 3621 6984 9744 9859 3438 5402 7090 1369 6942 6091
29 9738 9155 1893 6463 3278 3266 6500 5637 3170 3821 3678 8917 6999 8507 9309 1401 1636 6607 2697 4094 976 3394 139 1481 2694 6832 1486 1638 3748
30 156 3075 2202 7173 2350 6869 6211 7607 1238 7117 1603 420 3336 4290 2416 6646 9455 1353 6594 7221 1581 6967 7825 2159 4362 5677 9143 9765 966 4690
28 2584 6638 626 3324 8130 5585 738 4673 117 5176 111 2547 9677 2121 4420 4177 2224 1654 6527 8496 6373 5992 1328 399 2567 3816 4502 9969
31 8141 2517 1040 7329 5534 3733 1138 6167 3480 2707 1096 6872 2040 8337 6272 914 4378 5627 505 4842 9016 6383 5753 1078 2732 1978 2844 4224 9388 9847 6216
27 9475 8607 1365 487 9382 5726 9803 9059 1219 70 2255 5847 3382 8362 1571 255 7684 3915 6645 7169 6661 7972 9285 41 1891 7537 4964
27 9191 7382 5334 5128 1429 8108 5353 4205 5700 203 7032 2946 6114 4371 6540 263 9776 2045 8570 1814 3022 3838 2927 6153 4695 696 8694
29 3440 8039 4701 2874 9956 8549 8991 5446 2917 266 4577 5382 3670 2120 6993 5504 815 6621 324 1471 3337 3140 885 2865 2964 6828 4947 5481 977
29 3016 4107 8710 9039 9735 4391 4627 1932 8518 6084 4833 2913 55 2730 9712 5505 1632 6938 7083 7716 8059 8275 10 5515 6577 6447 6823 5551 7215
30 327 7855 7918 446 3350 2343 684 7865 209 5296 1310 7835 4684 4293 5249 2686 1494 3657 5594 2299 7127 3052 1432 3750 2340 6751 7396 8061 8978 7908
28 3039 8407 6931 4996 5207 9980 6464 3541 5506 2064 3481 1158 4100 1056 8883 7171 4549 9426 2473 3788 6934 757 5709 9277 9912 2189 7270 9895
31 1141 4805 9992 7864 2526 6255 3225 7840 7916 1317 8794 5064 8755 6388 5606 8124 6644 3869 7848 9530 9105 3115 9715 4075 8192 2667 573 8218 2291 3829 3595
29 2822 482 9591 350 2506 3680 2394 8727 4377 7592 4388 4124 7753 5352 777 895 5299 4525 5419 2344 8457 7686 3469 6103 2718 5870 1801 4965 7559
29 7138 3256 3833 4660 9073 4227 768 3997 6218 3212 5314 7000 6367 2014 580 245 1173 7292 5655 4464 2831 6592 3996 4584 7970 9474 8151 3059 419
27 9321 1831 8415 3903 8327 6868 8442 3037 3648 4579 7195 8604 8775 3054 6451 9387 8082 6087 1561 767 9468 1900 4367 2054 5161 2781 7641
27 4523 6982 7529 7253 462 3610 2609 3195 6276 360 9247 387 5048 9609 3599 7353 268 9516 4269 3307 5872 754 2422 990 1150 3444 2980
27 7318 9594 2793 2693 5612 9761 5351 8920 8316 4679 4497 3846 8591 1553 3108 8764 2200 8271 6140 3617 506 1997 1626 3993 2008 1345 7341
28 9822 8128 9361 2769 5182 232 8933 4672 6535 8988 1309 4344 3819 1406 1070 3897 4555 4010 3737 967 1384 6723 1669 4369 1393 9869 8402 3870
32 2995 1660 2785 7384 779 2768 8634 7296 9675 9231 4163 9993 3488 3368 8142 3034 5786 7778 9513 9587 4372 658 2455 9472 1086 8302 344 8081 6303 5280 2879 9604
28 2150 1641 8523 8481 9785 3845 8594 7347 2313 5277 5509 6183 865 2354 6757 6706 6861 8425 9823 6054 6870 4445 8127 7551 6532 5092 5717 8314
28 8103 1512 2836 8778 4186 2352 1055 5167 5587 252 3069 8808 4316 3415 3942 270 4340 6940 3162 829 9298 6467 8648 2533 8782 8776 3956 5273
28 2446 3249 5955 3972 502 6459 8693 6566 2129 2983 2083 6574 8801 5840 5820 214 418 6877 7093 3342 1274 3374 8527 7770 3148 2807 7362 7414
29 6042 4303 1983 3560 4050 3283 7621 3528 902 5012 2943 4882 5913 428 1667 2753 8996 2333 7350 7506 4208 5328 8104 1277 8542 8846 7435 1503 6422
26 1179 9443 9743 9606 6444 4495 5850 9425 5222 546 3553 9618 3393 2032 8175 1781 248 3485 6834 29 3994 2104 1943 491 7934 819
26 5876 5325 1734 8565 9273 2339 8176 435 2832 4856 7076 4428 3390 7265 1272 1973 4357 4863 5933 8905 9291 4407 9947 3589 2582 2634
28 2851 9447 5938 1417 6995 6731 5916 9133 1354 1301 38 6238 3584 9256 4488 3641 884 9266 8767 104 7469 5981 3424 4271 4913 5618 4063 8799
27 1434 7822 8447 2512 7579 4005 9909 6437 3192 5975 995 7355 2685 2973 8348 9617 6353 490 1087 2081 3823 695 1930 196 6883 3868 2659
29 4891 395 9136 2069 4219 5244 5171 4788 2574 466 550 8728 2078 1182 5290 6684 3477 9312 56 6759 5267 9319 9305 826 6408 5633 3161 5021 4171
25 5919 2090 6796 429 7279 7845 590 4251 6163 3166 8318 778 1929 8378 3677 5755 6120 6788 6401 8163 7619 3588 4580 7772 3634
29 2635 8644 3775 5195 6231 8261 2036 4942 2334 8249 739 135 1708 2539 8512 8436 1068 6432 5493 3371 535 8524 8071 2284 809 6136 3985 4111 2149
29 6056 9282 7216 8952 8841 9322 5188 6446 1194 3675 2763 8562 1097 680 3920 8295 803 3253 9473 1901 5722 2377 7895 6260 1714 7738 7843 6240 5988
29 3353 4066 3260 5461 7151 6504 3318 4350 4758 6233 8067 1724 3508 4425 9261 7167 9325 4740 5123 3773 9000 2222 4013 3977 6086 4517 7966 4940 1778
29 1769 2086 1021 2472 4442 6125 5323 4550 3724 5843 1986 4720 3721 9464 4199 3978 8519 5357 8303 6605 7145 6080 312 9865 5196 4552 2349 3334 1445
28 187 9740 1670 4 4144 3332 5424 1302 5235 893 648 7213 8956 7043 5202 5978 6334 2128 3466 7599 7451 8287 7376 1254 7192 8891 3159 8670
30 2870 4671 6152 7611 8052 1053 7286 4309 5376 4874 1259 6318 8191 6206 5993 7431 318 2327 8495 1230 6525 5089 6771 8763 4320 9001 3906 4714 9724 1289
29 1959 8085 8125 7636 2755 721 6622 5596 5315 848 9976 4101 4835 4045 7075 4883 2312 8757 9162 7241 5807 7594 9503 8685 8219 8750 8918 1551 2623
29 2734 280 5903 2042 4784 7408 7988 9457 6160 6708 8877 5699 1034 406 9091 7013 6302 1240 2592 5362 786 1506 4012 9572 6366 497 1672 9860 5674
30 9058 8730 6890 8949 1123 653 1542 3858 6236 6385 6138 1163 9303 1498 2251 8129 9683 285 8984 6894 3749 9259 1447 5571 889 4479 6074 2902 7885 8696
27 7914 7639 3501 273 5251 8711 3573 5639 5355 391 2122 1742 8371 1358 2326 8226 4654 7762 154 1979 296 4681 4798 575 6496 277 1648
30 333 4189 1143 9037 9506 8049 593 5307 1198 927 4289 5597 1825 5024 603 7012 1876 1403 1710 1582 2871 3178 4029 6517 6858 9069 2501 3474 6561 8465
29 9049 9031 5653 667 7603 3412 6280 281 3090 9310 2415 6690 4064 9545 394 922 9424 4538 4162 4991 776 7954 876 5158 5110 9347 516 6830 7690
28 2038 4878 3911 7516 5456 8575 1414 6057 1064 7680 6188 1557 4914 6137 6591 7515 2692 9671 4861 9566 2196 712 195 7618 2627 796 2969 6121
26 3636 23 1924 9592 5181 9915 93 8441 1326 7409 1908 2148 6176 6692 4700 4321 7447 2898 6107 1514 9364 6631 4381 5780 8548 1868
29 8598 3562 1062 7183 1772 3907 4181 6658 2489 2788 4095 4945 5412 3622 3941 9292 4800 481 774 4333 7311 4485 3066 3239 3988 6506 2075 3555 1154
31 2805 8404 2351 5669 2860 6966 5138 5274 670 4888 4201 9482 9704 2355 5438 6749 4943 6851 5884 5733 7168 1101 7372 5888 9603 4733 4042 9542 8236 7655 9958
29 4960 1764 9117 6928 2293 2747 8584 7239 9395 2318 5856 8369 4564 5488 6809 1146 3896 8867 812 8608 7550 9938 9399 372 6688 7164 1615 8240 3021
29 681 3592 7613 9470 4480 3291 5224 5125 4452 5510 5687 3794 6813 5063 1968 5072 9119 1495 7476 9239 4206 8467 5437 8632 2926 5809 1255 7806 9558
30 9145 4935 1030 2335 5965 7084 5066 2622 9892 2274 1676 2725 8330 7554 3095 2657 585 131 1169 2321 3732 2816 242 963 2638 251 4895 7123 9918 7502
27 5260 295 8121 6475 8733 627 1217 3669 22 2176 7407 9952 9833 2082 95 8960 7823 7262 6004 6019 9206 4210 9034 6704 7089 4556 1993
30 4804 7606 7695 896 4710 7485 7406 5218 5406 4864 5749 521 5770 8115 8675 5373 2278 1598 7994 9896 3475 201 8531 9536 3081 9025 9828 3404 283 1596
29 9670 377 8653 7421 5310 1795 8281 9533 6328 7664 9087 5533 2316 954 7623 6742 9852 5531 9534 3433 8 1251 3053 7977 7717 7280 9463 9995 8932
29 7426 5326 8740 479 2578 1276 555 1770 2470 7931 5508 9793 4667 877 9707 5775 4125 6905 5495 7373 1159 6144 2443 8622 5819 9679 7801 6650 8009
29 6198 8709 1437 3302 460 571 2346 5670 9554 4031 3637 8889 8448 7860 7953 2287 101 6494 8684 6964 2688 1922 2421 2072 6818 6397 7004 1212 3810
27 6261 4501 8432 6416 7985 309 2710 5556 8783 7614 7377 5611 5015 1142 6521 1950 8537 6896 6031 3864 1019 8510 6713 730 24 9152 2678
27 2921 3492 9747 3316 3746 6520 3346 8873 9186 5763 8147 9703 8248 178 1457 7803 1941 9758 5094 129 3676 6560 5996 7544 9767 9410 8395
28 9392 3590 9913 3640 9200 1210 1093 3644 6559 871 9921 1444 7404 2056 3096 2187 8028 1741 3666 7971 4755 4463 8323 5173 5344 145 341 8096
28 2223 8315 328 9646 7295 6815 397 9955 2853 3683 1872 9173 1319 3449 8650 8610 2111 3325 2723 6219 6070 7140 9508 2812 8146 1015 6842 1185
29 9832 3611 4765 6819 6374 5313 8111 3520 9531 7330 1290 4782 3435 8666 6873 5758 3662 9295 180 4451 6691 6243 9306 4319 9124 1333 3719 4097 6627
29 9180 275 8431 7894 2051 158 9856 4950 1433 2960 7190 199 2502 115 7792 4276 604 7630 7231 100 6394 3564 4324 5305 1682 4619 9094 212 7796
27 1999 7337 9104 7120 5895 5005 7488 164 8235 4370 7761 2548 9158 8137 3609 8283 5648 8196 7225 3445 488 1072 9539 485 2703 1607 7947
30 2717 6543 5492 6778 4151 4573 5436 1674 8478 3341 7045 1233 7672 6115 9845 6450 7378 7912 6487 2453 5078 3789 4563 298 8940 1518 2514 2737 8268 5723
26 6424 6497 702 6382 215 132 7541 3711 620 3402 2825 6129 4862 7124 297 912 1379 8181 137 3498 3510 6325 4412 1270 2431 6576
28 9696 8678 4458 1560 8237 8756 7349 1174 8541 4929 7243 3055 6178 2404 533 8051 4310 8827 5463 148 4285 8521 5558 3752 1509 3607 5915 2783
28 3183 9445 4807 7449 82 4677 4858 4642 7111 5407 5501 8824 1544 9672 1409 9630 7218 8367 7070 3900 1663 4342 7052 651 6041 4422 6843 2288
30 3660 1711 6154 4481 5632 7177 2221 2242 8256 261 5397 4435 9664 6612 7290 1223 213 9050 4438 840 3255 4711 1208 6636 4705 1449 641 3072 1697 1921
32 9151 7186 811 6003 1614 1465 4304 2838 8914 943 465 5601 6456 3771 6345 8871 1439 4027 7999 7357 5920 9965 2486 4283 5676 1811 464 2938 9579 1184 5513 722
28 3875 5097 5973 3172 8439 3851 9223 1411 6795 5238 384 4689 3730 831 3616 5001 756 4853 9386 7669 708 5715 9881 6943 1820 8682 9100 7911
26 586 3025 8080 4535 5940 208 3079 5887 5434 1218 4519 1405 4986 1963 2283 9596 9017 7964 6514 1501 9181 1479 2866 103 2493 3107
32 6096 3216 534 2182 9966 2144 8865 8798 4356 7202 7462 4728 3507 1244 1829 4157 7763 4059 4035 8156 1803 3738 6642 4968 7659 5380 2729 8935 9687 8744 4956 1911
31 2368 5524 5941 9568 5997 9139 7980 2637 4734 4044 5425 3850 7939 7941 9365 2967 6072 2226 5242 6387 3690 2035 5172 7905 9686 692 6916 8077 3074 5953 6279
27 8057 6671 8073 2640 9115 3033 8022 7660 9254 5983 5395 4511 1482 5646 1673 3885 6827 6589 5626 3691 9789 8965 4664 7617 1655 8412 9354
28 6430 929 5041 68 2145 837 2468 9936 141 7629 4272 7336 5291 1747 1870 3894 6629 2364 842 72 3365 5814 5932 8045 8247 2345 7921 3554
32 8849 750 5532 5537 1059 9907 971 6267 3587 4938 5068 6989 8296 2184 5332 32 3692 1918 1376 6760 1806 176 4508 9840 1570 3910 4666 7521 7214 2371 5473 7234
27 1566 3179 5206 7890 9454 9590 9585 8001 8588 7209 5818 1796 9207 1392 2581 6492 2379 5816 6469 6122 8809 4613 4959 8712 166 2585 6632
30 7849 7781 8927 5476 598 1442 4018 9708 5619 3556 7163 987 6856 1630 8938 1771 2741 7795 6758 8171 7333 7067 4744 1153 1974 8058 8376 4827 4540 4659
30 9714 90 5209 8745 5298 8701 238 6727 2096 6747 8680 6263 5327 5830 4749 8489 4776 4845 8982 7189 4837 2127 2605 770 5234 2398 806 9423 870 7049
27 4119 7096 9797 8464 6756 4082 5857 2310 5084 6296 373 933 3284 7258 8223 7200 5880 3408 9005 7198 293 1546 2990 2308 8585 9782 4347
29 3363 5233 9366 6046 2003 4476 5693 8572 8812 576 5036 1460 3147 4925 8140 611 3971 3473 4572 5605 136 7182 3699 7520 8032 5813 5918 4526 3952
28 962 6257 9584 5751 3331 5102 8006 5223 4900 7291 7824 5834 2675 9344 1832 3204 2684 6682 28 1381 8449 1685 5711 1428 6633 6542 2810 5002
32 3831 4494 8969 1520 8872 9520 6844 2298 8076 2624 8224 2373 569 6552 6213 7509 9411 6696 6998 7236 6288 7943 9644 5271 3726 9680 8747 4020 5275 2904 4339 7162
28 9106 5801 5564 4214 5516 2841 589 5303 3770 1477 413 7423 9906 8814 7238 1927 1351 6863 7398 4233 3561 1372 4108 2731 8895 8539 2016 6172
28 6570 1573 3471 850 4009 4730 6395 4799 7743 7450 9548 1214 3893 8807 1504 5652 7932 2087 5103 2733 5735 2597 2393 7107 2487 1327 3188 7917
29 835 3076 1339 1976 421 6794 220 4621 8649 3086 3330 7645 7830 3010 643 9252 5037 6050 3790 9083 6937 4041 4859 3023 2250 9805 2268 9296 7652
28 6808 3968 1595 8166 4966 785 4183 7489 1897 8944 5192 2887 5162 5073 1052 4934 3837 7129 2639 7051 3933 6694 808 8994 6169 7008 6639 9510
31 3187 2191 4754 49 659 9899 3755 3114 7392 3544 2552 7387 2656 3127 2944 9390 5790 3319 1246 1733 1332 1041 4173 2160 4721 737 9023 8596 3008 6598 694
30 4661 5557 1816 3867 3259 9772 6123 2644 883 2021 8904 9973 9919 2076 3695 2759 6282 7673 5003 9985 1569 988 4848 9819 1538 235 3796 8317 2952 2451
29 5835 4764 6770 336 6748 4200 2258 7880 9853 1671 7503 6454 5497 7532 7491 4113 6953 7585 3728 1058 4668 1843 9631 3084 5582 2448 7223 7697 9154
28 2849 3265 726 5377 9408 1250 7721 6826 3651 5390 4110 3262 8294 8989 2534 6414 1713 645 3046 6736 6132 1617 7658 5686 1237 4026 2670 537
28 9890 7006 3681 3149 9515 3118 8958 5163 3158 5189 4921 9249 8722 9217 7882 8860 8158 2754 549 4806 7904 6241 9637 3930 7731 5375 8443 7527
28 6130 7245 9417 3643 8063 5654 8609 2435 2919 4292 3286 2370 6010 7298 8329 568 2432 6768 9156 8525 8212 9062 6679 2884 4571 4532 3202 7460
28 9159 7205 6265 3950 8906 6016 8381 6470 7024 257 4818 3020 2842 3585 4317 6786 1161 1502 9429 8930 7434 5243 4336 4360 3041 7837 6546 1397
29 7584 3929 7358 3735 1016 6580 5433 3780 3802 8668 83 9855 2390 1294 1530 1122 8461 4541 1845 9801 7254 2575 5300 8203 7152 9064 5698 4585 6202
28 1587 5535 1531 5881 5308 1794 690 8463 8687 1039 8617 6449 7589 918 9876 222 2521 463 1335 155 1989 1311 6499 7517 3168 5591 5991 3082
29 8097 1377 6687 8026 7351 3702 2295 7061 1167 5900 3362 2011 5701 3629 4748 2185 2315 5487 8491 9946 1343 9638 5873 7354 4608 6901 4590 5227 2507
27 934 3198 5984 5462 9811 3757 3049 1998 4953 5090 7135 7039 7429 339 4761 6350 7365 5131 1649 5656 1658 9514 9523 1937 937 6587 6148
29 1826 3665 4091 3582 5949 2840 1151 5312 4306 9363 4774 2826 5974 9763 9716 8095 4054 5692 7433 3089 5625 668 1357 186 9813 3237 5471 8298 4871
29 9053 1539 4338 6482 3811 8471 1441 7327 4358 4003 4691 9127 1695 916 3446 6166 5056 9981 5415 483 7786 7204 3002 8606 6141 3311 8743 6647 85
26 2672 5756 1205 7742 9258 5499 4116 530 9203 9529 2610 2724 4368 981 4610 6739 5636 7170 7391 2579 1112 2721 940 5285 5050 7722
27 7427 3247 6857 3763 4629 489 9235 6162 6630 332 6674 6025 5427 7276 4424 6009 755 1043 5283 206 7512 5342 1543 1967 7965 2668 592
27 3902 5336 1807 4217 1855 8293 7054 9415 4831 9281 5018 5691 4074 7702 4365 9011 7273 905 244 3964 8405 8126 7306 8637 7029 4923 6730
32 4852 8267 3169 2005 6474 6410 8250 1412 8488 1306 8123 5175 7935 6018 7104 2369 7682 7779 9419 5617 3718 495 1696 5961 1018 752 3208 6867 6159 8225 2530 9643
27 13 9538 8543 6623 7323 1462 8320 107 6740 3280 1206 1650 3269 8490 6048 7733 7410 4604 4211 6089 821 3098 3946 2828 3958 8898 4300
27 8995 8383 8948 1590 2141 6262 9546 2771 2175 8325 161 5106 6811 2939 2475 514 3004 4812 9237 6568 5025 2437 9766 1939 3668 1027 4539
31 9351 7576 8504 34 4099 5400 3164 6657 2106 8673 9393 689 6515 452 1023 9466 8963 5720 7556 6924 9528 3550 2361 6126 5019 7714 4459 9927 3645 1268 7260
31 5455 4052 4989 3051 3099 5116 605 2801 2536 9781 5474 4941 7267 8231 6174 5972 6226 9427 6400 1652 807 7749 9449 1017 8363 566 8060 5054 282 7153 647
28 3448 8669 5721 3264 1448 62 9565 5010 2477 1089 6800 9821 7846 3028 2540 2219 6617 3329 6900 4876 9649 5155 632 1279 7677 9615 8514 2338
29 5371 5777 6720 3333 7699 9190 1923 8564 5457 2001 110 1526 8967 237 7321 4277 9673 112 2292 4389 2650 6118 7562 4426 5702 9353 6028 4512 7555
29 2234 4049 2241 7922 2815 443 6618 319 2331 9949 4652 6697 1329 3124 7388 3063 700 9209 8119 7285 8397 2461 5140 2197 7647 9080 561 6898 5418
26 5254 27 3258 5031 1049 7769 2359 4969 1253 2457 8943 8455 6948 8864 4373 4522 5331 9316 4301 8069 5785 6317 2257 12 8187 5033
28 7782 3496 3534 7724 1505 795 7412 9107 9220 4792 3484 9216 6298 9923 86 4051 2229 6839 9521 6608 1699 9623 8308 9713 2749 6821 4775 7348
28 9581 6791 7395 7380 817 1776 7016 1784 3242 1602 4489 7400 2020 7247 1029 7692 6530 5806 2886 2598 4982 5264 3995 7602 7810 3664 7903 8385
28 8099 9727 1805 1835 422 1659 9407 3300 4465 8874 2955 6672 8145 4294 2010 2508 9560 2806 3549 6270 7565 284 8706 2248 6490 2544 3062 9163
28 6933 474 5967 5553 8053 6292 9485 674 789 8689 5550 1585 2833 6291 2970 7385 3740 2309 4826 9171 2543 9013 2483 6076 581 2329 8774 5044
29 4322 3119 5917 5566 8193 4628 8410 2774 1028 2071 9368 6648 2900 4743 8355 2658 5741 1265 9920 1334 346 7073 4907 5359 9633 5215 7631 8479 6575
28 7418 3511 9561 3128 3598 4195 2236 6643 5396 7078 6711 353 3356 4919 8109 4421 633 3125 7283 165 4102 4484 2978 8554 2572 5489 7805 9600
26 5959 7297 2365 1275 4607 9678 3917 8646 9854 2097 1709 109 5450 7725 4232 4103 5977 2696 3223 9605 8179 6201 3959 4674 6974 1766
31 1717 6669 2332 3659 1890 9719 2673 184 2410 4483 2243 9593 8106 8352 2984 664 8578 2034 830 5340 3007 97 5871 8030 6917 4505 6709 2712 9505 4516 6865
28 9340 9243 7402 7798 2966 3703 1243 6817 8627 2595 1226 5083 8435 198 9931 8908 5541 3824 6232 6034 3874 1966 9903 8555 8981 4237 6390 1363
28 8220 7794 2855 7581 7230 4152 4903 6902 7755 7415 9412 1389 4599 8015 713 9098 414 4086 342 9373 9061 8393 3842 5386 9422 7997 1665 9577
27 175 8961 4169 69 6237 4817 791 9989 5772 3156 8055 1228 5890 7712 6426 938 3574 444 2997 3093 3309 8742 455 1634 6722 9431 9212
29 7674 4581 1491 6030 4286 8937 9315 9495 4055 7847 545 4295 2903 2348 1114 904 6476 759 1116 7821 6391 5518 9849 149 2709 6305 9723 3580 7936
29 4172 5147 3772 8586 3623 4567 5478 3871 1127 400 3506 9862 6098 9280 5947 3370 4623 4865 6443 3077 1356 6116 6066 6774 2065 2510 3197 2532 6135
29 8561 7566 5886 9224 9816 7203 9394 5742 6971 1532 1092 1799 3310 9135 231 1819 1736 583 1523 7479 5979 7454 4121 4255 7604 3653 7319 2134 3232
30 5266 3704 810 961 5680 221 1245 2499 200 9093 6586 9809 7237 9792 1046 2324 5958 3928 4706 2665 5165 4675 8408 8556 3687 7463 6932 7817 4235 973
27 1466 6980 271 2228 6177 1631 5022 1541 1730 323 3392 3834 6735 7114 3152 3129 2425 801 8869 7548 8344 2282 3614 8165 3101 6264 2719
28 8858 9957 4068 1278 3557 5368 6990 8377 1121 5659 1889 2262 1642 3514 8759 7155 461 9676 5778 9711 3725 1183 3706 8672 8987 5685 2594 2504
31 3190 9246 3856 3519 7191 9754 1740 6912 9229 6393 2289 597 5059 6210 9497 7663 4128 4139 2798 8702 6110 8403 6095 8998 8647 9886 9934 4490 8959 1690 2217
29 4078 8406 8934 6402 9219 9397 2167 7110 3934 5502 5413 1899 2891 3795 6701 7831 8688 6403 9709 5708 5194 5892 6355 9905 2095 5907 7852 2809 5486
29 6507 612 3899 540 8615 7185 8620 8005 6572 5429 9760 9029 5118 799 6483 8942 7159 9674 2690 5602 4731 8229 6489 1686 3045 6972 6094 869 7887
28 6885 2265 2766 6640 2469 4933 6379 3854 8828 3777 4040 5592 4892 1948 4713 1905 169 7546 2113 1190 2023 458 50 2491 2779 5374 9697 496
28 7256 4766 2876 7519 5883 7538 3465 8912 8013 6287 9871 3241 3065 3888 1511 3109 6249 8563 8817 9269 765 7567 1995 5812 7788 4820 9971 7907
27 8725 8579 5528 3987 2752 2218 9456 6538 8723 4262 1867 1934 9414 5075 4072 6518 5573 7103 992 3809 4427 8739 3527 4973 7900 5635 1099
30 7320 3042 7179 191 7481 1260 3847 6244 8506 6523 3989 6705 5405 2080 3944 4226 6439 5567 8313 3414 944 9519 9682 8075 1731 7683 7386 1629 2620 124
29 820 9446 8399 4067 7416 7259 2375 8791 5512 2689 2028 6927 8661 7001 6448 4737 5956 354 6875 853 7945 2742 1586 9950 9953 8117 7726 1559 2254
28 2922 1599 6992 4279 3455 7668 7691 2322 3254 1688 642 709 6945 5732 7172 4492 5773 1625 7582 3000 8735 8951 2302 8043 6783 340 5930 4361
29 5482 4616 8980 8903 4318 2535 5210 610 6309 8423 8840 4341 9839 7370 1744 1461 3525 2653 9509 4649 4606 366 1902 7754 2626 426 3120 8062 5269
27 4760 3628 528 9019 7232 8766 2301 1299 8398 3144 8677 9654 9228 8925 4855 4129 4847 355 742 6831 8428 4790 787 6311 2273 5204 9837
28 5552 8183 7475 7161 4386 9625 3019 173 1420 4641 313 9012 3174 8639 8630 6362 2568 6965 370 7874 8280 4537 7687 1790 3196 1464 2386 4037
29 6392 4634 8592 2971 357 9242 6128 6615 6473 5384 718 4732 6145 3685 4090 8475 7564 2945 1640 2726 2458 9834 1953 9977 9032 8164 4762 9866 1177
30 3145 1125 9492 2169 2430 4697 4355 1750 7278 5878 7046 7876 4544 8844 9068 8279 4280 903 8534 5422 5980 6247 1775 1202 7967 1716 3936 3328 9330 8909
27 804 7343 5898 8540 1241 5901 2238 7316 6860 3925 2397 8094 7586 2549 14 5252 3261 8208 4203 6109 9652 9022 3717 4352 578 6952 2084
31 724 7031 8977 1675 4250 5744 8500 7872 8264 9954 8593 5603 5329 223 430 4551 7184 1606 4106 5389 4924 5139 867 8748 5316 9201 2261 2706 6404 4364 969
28 691 286 1556 6871 1197 6876 2154 771 8577 1485 1693 9067 7863 2859 4417 9196 5642 8707 2133 8444 9532 728 8922 6335 5459 4872 4586 6164
28 6423 7324 7487 544 2599 2195 6481 4597 6522 4630 2511 5906 2178 1176 805 5067 2387 7808 3638 6372 6196 2566 4039 9759 1446 9358 4418 5107
28 8854 9371 8366 8400 7744 3405 6556 8924 1012 1370 2909 6862 4825 9844 5230 9681 3418 1336 1565 2515 9574 6342 6911 948 509 2848 2215 4977
28 3491 6319 1037 3524 2013 2279 8454 5748 6824 8122 5578 2699 5367 3441 2151 6968 303 1903 3142 5929 1534 8326 5657 1834 9900 5948 4685 6014
27 7901 7720 552 5387 3009 6452 2908 1725 525 3228 6252 322 2019 7130 1054 3400 3602 2420 9396 8600 5363 1031 2559 4995 3931 6656 5987
27 3423 6603 5262 4503 8438 434 3537 5157 2179 2654 2924 7432 1962 6716 7044 775 8023 9783 6333 2764 4409 7998 1947 6052 7861 3472 7326
28 9814 5197 8324 8697 9504 3348 5760 6230 6357 7766 5905 4180 7099 1783 3576 9647 4742 6381 9663 3689 2588 6899 6745 8110 6377 1678 7178 2894
29 4611 7704 5740 2384 4834 7158 4395 888 4889 974 9917 1797 6085 5411 7005 3271 7212 9999 5186 8230 3736 4810 1297 1580 2311 390 7938 2444 7886
29 8424 2607 1751 3306 5020 5683 3558 4185 6344 2802 8047 1589 345 4617 8787 96 5485 4738 1480 8098 9775 6108 3572 351 5764 8770 587 2985 9527
29 9413 1408 7539 276 2767 5990 8239 106 7671 4638 9575 9007 9300 2114 264 6653 3535 4819 8900 1955 7547 8676 7252 661 7616 843 6776 1315 2681
27 7678 9858 1364 4239 404 6485 6519 7891 9078 4432 9842 3606 6368 2165 5006 9122 7889 2270 6685 7535 2476 5445 3351 3940 2911 7066 233
30 306 42 5130 2813 7707 9095 5318 5058 1009 3185 9737 9910 686 5428 6182 2464 7310 9734 9553 1231 348 7420 9879 7360 6431 1266 2942 3758 3038 4901
30 7229 7793 89 9378 6681 4530 3619 8263 8638 9376 7352 1371 5664 9448 559 6837 9323 7676 5043 1273 9639 6855 9225 5120 6619 8810 3451 624 3285 7756
29 1134 688 7569 9804 952 7679 4486 9848 2207 290 3743 8437 5689 8332 58 1171 2300 8288 6724 6083 6193 4234 7465 2376 7125 396 4998 1522 447
30 8544 1938 3482 7439 9251 2048 4739 35 6994 1895 7304 8245 5768 4382 7346 4148 3343 3552 2488 4618 3017 5004 622 7139 1061 6907 5569 2306 8819 2107
31 7833 3516 4662 8286 3932 4622 1430 970 996 4004 1007 1564 6814 5282 832 1188 7018 6453 5479 471 5631 4786 945 725 9610 6593 814 5549 3697 6513 1627
29 6340 4115 8177 7552 7543 3836 6099 6919 3887 3229 7950 3548 510 7701 4723 3180 3047 6466 9922 6020 272 3523 5341 1878 3800 192 8986 518 5208
33 7662 4759 6595 9236 6509 8273 4718 6007 662 8000 4500 8511 4223 7340 8752 6996 9381 3674 6338 7737 398 5799 9597 9226 3862 9036 6 6534 6181 3979 6626 6663 3399
29 7136 1753 8492 928 9120 9963 9302 9571 380 87 7036 3494 3982 6378 1847 8761 5214 6384 9659 7040 7826 1200 542 5719 1347 453 5960 6157 2661
29 2209 3384 6093 6961 3744 9165 5228 1888 9660 7097 3546 8859 8821 8390 3377 1137 3886 8843 8041 5630 433 3133 6139 5560 517 9894 2067 5257 5561
28 7653 5354 2330 4006 9669 2323 3443 7768 9499 790 8215 2426 5852 7620 6741 9810 7500 247 9294 7627 162 8474 7228 1119 8409 6008 1106 4605
30 2098 3123 5467 108 6983 879 1961 8970 1865 4545 7955 6225 2857 4132 376 1830 2949 4656 4493 8571 6949 4198 269 5190 5009 3649 5950 8353 6179 7417
29 4473 5608 9635 9940 3844 2049 8368 5201 7317 5074 4785 5440 8976 2520 189 751 6365 2695 4946 2029 3976 2932 3538 8985 9524 79 8582 5621 9481
27 2378 596 5934 1909 5658 6554 8494 6562 6329 8623 8931 781 6836 7033 4207 8133 4404 4513 8704 921 2363 3559 1287 2088 637 3857 63
27 3117 5370 5149 2715 4034 873 8257 7896 4562 5100 9090 2474 2818 2761 234 2130 2407 9867 3566 2628 1687 6702 5521 6660 2999 3540 2103
28 5062 4390 5966 8083 9263 3275 3091 3830 6312 8025 1694 9979 9072 5108 3132 4213 7909 613 8304 9230 8340 6825 9063 5408 9517 5526 4135 1637
30 1579 957 9850 8797 3 6718 9489 3335 4089 4457 168 4401 7877 9434 2413 2837 3073 2245 2899 4359 7780 6071 2190 8169 1718 1594 2275 8487 6732 8311
29 4801 6610 6635 477 6284 9874 6304 5875 8793 194 9889 4168 6882 855 2683 623 2951 6962 4399 1850 3768 8357 3627 88 4411 3601 5317 126 1298
29 5588 1817 2795 1330 16 4777 1380 3267 2391 794 243 356 21 7334 7990 600 1662 5268 6850 2319 8138 3965 8209 9198 9020 9041 5372 7608 1199
30 2758 3860 8386 61 8699 2137 5671 91 3420 1620 2947 2651 1618 9458 1621 9430 1057 4704 650 9214 5458 4709 9086 1628 5665 5629 415 7729 9786 9192
28 8450 2711 2890 5153 8613 1588 1593 7598 980 6567 9110 4906 6192 7233 4080 9830 2110 9487 4595 7507 2073 7657 614 8802 4196 501 1473 6173
30 526 3827 4808 1407 5999 5082 2918 150 2161 1098 2320 3078 1395 403 2589 9002 2546 4146 8773 4868 1563 9009 7193 8102 18 4884 7923 8024 4345 2296
26 746 9662 3027 9175 5448 704 1368 2961 5366 4127 9655 6063 2560 5546 6079 4070 4879 4939 5762 2392 8535 9099 6184 7100 4881 7471
30 2772 6897 3656 3476 4560 7773 5580 2027 743 8642 8499 6354 2092 7809 7893 1221 7836 7217 8997 8822 6131 3509 7902 8772 2962 731 2776 3872 5361 5517
26 1572 846 4870 5333 2212 1095 2745 6300 4363 4822 6693 3416 683 9008 274 4843 1584 6505 5858 8359 5765 9065 2094 2119 9607 5193
27 2823 5771 8875 291 4636 1004 8349 9442 1837 3434 2465 9043 1661 9616 2043 9567 7208 1075 7085 3029 4267 25 4138 5256 1540 8167 4678
27 6950 4922 3383 3919 1220 2569 6036 3745 4736 1074 6707 911 259 2617 2342 5076 2447 2988 8662 3787 423 1318 2751 181 5586 2031 4014
28 9888 2803 2604 1421 6348 5610 7866 800 9308 9771 9857 8350 9287 3828 1552 4756 9297 211 3248 1394 9275 8888 113 9170 6308 3421 6235 1635
29 2440 8568 7115 5185 1745 7723 6049 7467 9491 8483 5647 7873 2463 1314 3983 9794 9276 3085 2246 4894 3761 9926 8136 6986 1841 4228 769 5562 3386
26 9488 3181 7689 7648 7867 5525 5435 9619 409 1516 8832 6780 1102 7587 379 7181 7961 4491 1362 6501 732 5725 3522 1350 8307 7899
27 3832 5889 2244 5226 4314 606 5302 5278 7651 7257 8284 3360 5265 1726 9507 7834 9465 9085 3217 8091 2934 4850 2269 3207 2915 4254 8805
28 9601 5008 457 9984 7575 2873 9238 6793 4017 2989 1849 1002 564 6908 8621 635 7081 4534 7710 1992 7913 8010 3224 4008 31 5844 8216 2791
25 8453 2583 417 4715 2664 9665 3904 5183 7419 881 3290 6941 5839 1063 9564 1013 2941 6803 7302 9945 3848 9863 5859 5836 2423
28 3155 8205 1285 9930 5910 1562 9537 9439 7405 1545 5781 7983 7300 2743 6398 3067 2419 6417 6307 1284 8923 6239 2383 9112 4197 2059 4767 1508
27 4260 5475 2858 5258 9937 9055 7227 4194 3487 2931 301 7560 6060 2893 2872 6807 595 5853 8312 4920 5217 37 4287 7106 2516 5897 2497
30 2156 1359 5942 8717 3764 73 365 8532 5168 204 3379 3315 292 5874 5330 5191 5356 9140 2047 500 9195 1234 8430 6316 8836 8955 1227 7789 6038 511
30 9543 4543 3698 3126 931 5682 8737 5739 1549 2183 715 4565 7007 4546 210 254 2445 744 5444 1510 1513 7665 8902 8174 3157 240 8792 2099 8265 5453
27 4398 1038 8134 7020 5151 2519 3479 484 5821 6531 7928 1919 1701 3061 7102 2757 1 2164 4770 4225 520 4468 9667 5430 6442 3529 6787
28 102 8546 1842 4717 1715 8375 8679 5253 2542 4062 3797 4383 1085 7612 2981 6380 8599 2070 7573 1164 3270 4000 1108 1576 6203 6266 9882 7021
26 1965 3533 7929 8074 1076 8834 2728 8700 8131 4443 5281 1952 5767 1496 9077 2660 3945 1476 4308 7501 2427 892 6415 9774 2814 4875
27 1785 4349 548 2012 2633 6985 6676 9240 3865 594 2935 8665 7288 7035 7053 2740 8866 9846 7366 3338 9379 6799 2046 8979 3962 6955 3143
31 6781 9692 4994 1779 2252 9967 6753 5052 2450 4454 8042 9056 4988 4547 6253 6502 8190 5174 440 6789 657 9357 4932 2074 7486 9377 6761 9535 2380 265 9700
29 7851 3288 3503 40 4400 6421 3783 1344 2158 4931 8760 3194 529 6829 3801 2869 494 4191 2118 9944 1296 8881 8014 1869 1470 6358 4793 7422 582
29 8172 9887 5113 968 8445 9825 33 1882 9153 8391 3407 9051 123 7344 5095 1456 1224 6695 8947 913 7137 3624 4036 5017 4877 8830 3030 4963 3375
29 1472 1896 4751 8547 8936 2358 7022 7800 311 4444 4174 5035 8573 9092 924 3700 278 4902 6106 1720 1970 2880 1646 2784 1874 1474 4841 1313 7272
26 3883 9288 1704 2570 6516 163 4394 190 2843 1622 4582 2577 5800 9283 3814 6315 6039 4499 4626 7389 7600 7289 9778 3057 764 9255
28 9168 6021 8971 9042 663 5229 456 1944 1132 5547 4869 4430 5761 2237 6565 4406 6792 4653 9125 1703 7892 9661 1728 3909 9586 1928 5284 6207
30 9435 3551 6245 2933 1175 6766 1203 7028 6944 8655 2068 3817 8558 3303 7948 8901 5577 2108 4470 7003 2974 7403 6880 6548 197 5391 3734 120 9018 6055
29 3581 5952 9459 5598 7430 167 851 9380 9658 5028 1749 6224 1044 1879 6321 758 5081 3056 7064 5061 9578 5141 8160 4510 8197 9987 6371 2925 3570
26 9111 6001 8503 9384 1913 8285 3604 3388 1256 3955 3839 7072 2204 3463 4328 762 2625 4928 9048 8388 3112 652 9045 1079 4712 7368
27 4141 9248 5555 9632 7383 9391 6369 2142 3176 5793 1045 5441 7118 5093 5842 2821 3432 2602 1065 9265 2089 9101 7505 3547 2441 2957 9941
25 389 994 5908 8282 5416 792 7605 4315 9270 3313 8505 1144 4813 9666 5447 5688 8671 6285 6194 2619 6887 717 3355 371 3071
30 8090 8207 5077 6620 6073 3671 3001 7379 9338 5071 6606 878 4266 5080 4098 965 669 6977 5957 7425 8674 8048 7250 4296 2025 856 20 6161 2556 2630
28 4753 862 450 130 676 2201 9462 8831 1657 1193 615 54 331 125 693 958 3820 7428 2208 1355 897 7074 818 616 47 8589 7718 8887
30 8946 436 9202 6765 9559 3696 504 8462 6221 9362 7468 1980 7815 3515 7989 8842 6156 5737 1537 9877 307 4972 5143 9333 8456 1633 2819 1288 8784 2406
27 6197 4574 3460 3682 1756 4126 4093 6212 6584 7401 9908 7838 1490 1885 7307 2341 8396 9611 5335 3793 3990 4999 44 1881 9383 1653 4331
27 3104 3991 8781 4436 7147 4553 3205 6854 8262 392 5096 3131 7157 4011 5443 8221 4836 9726 3263 7226 8508 828 7457 253 8070 6680 960
28 5030 1415 2152 6864 5855 7957 813 9184 7675 3784 1349 2412 8605 1418 337 9757 6884 8336 2259 5164 1945 7263 9972 3219 7858 8501 1851 6511
28 570 1788 5846 6117 6677 1575 7719 9986 9808 1971 1680 7706 6976 2004 4288 3250 7206 8420 3539 9432 1755 267 7498 1951 3710 7246 9645 2367
25 445 9498 7397 2459 7986 9147 2762 685 1242 7268 4687 4092 7242 30 1536 6326 2272 6529 2471 3257 3111 3354 5543 8360 6065
27 625 8835 6600 4937 3536 4252 513 4134 9149 6069 4990 2153 1459 1261 1838 4676 4509 1338 7098 401 7862 9569 4593 6327 8416 119 5690
28 1109 9157 8850 8950 1178 949 5863 6419 9339 6666 2808 116 7150 2632 99 4750 538 7624 4439 7814 2102 9550 3841 859 4840 4354 6142 98
27 3387 7574 7394 2756 1239 8651 4298 2247 8182 3234 7466 997 4179 9279 7557 2006 2466 6946 3776 7160 2002 7224 2177 2093 6762 3826 9770
26 8372 5503 2205 2186 8663 8093 6359 4348 472 1643 4823 7056 5198 6044 9668 7898 9046 2131 7959 7497 4462 3163 2976 5926 4268 3006
29 7277 9194 4057 7011 9052 9268 4867 9599 9172 7038 886 2928 4515 9179 6457 7199 4109 8758 17 7732 7325 9341 8157 9301 8084 5261 4698 3279 2155
28 701 2198 4088 5134 9416 8277 4096 3151 3243 1304 2286 6191 228 1467 6006 2193 1828 2181 7632 7571 4849 3070 9450 7154 6988 9071 2561 9741
29 4114 7883 4166 9933 6445 4408 4948 2409 4263 3398 5279 8813 609 6484 1103 9588 5662 9717 4143 19 6468 3526 2336 4366 1812 860 556 6947 3876
30 4768 9764 1186 2263 8530 1515 1994 1996 1342 2194 9883 7091 8857 2852 7973 5027 2256 8614 3293 9641 1084 5663 2210 7101 2778 7121 5231 6332 7996 9914
30 4967 7995 8394 3339 906 9627 4104 4015 6547 1083 8652 7345 9116 133 5808 5718 6726 2564 1578 591 2277 1478 5449 349 8515 5882 882 3970 9873 4275
29 6613 159 2557 6168 229 1969 8790 8848 793 565 8602 7531 8939 6719 673 4637 2708 618 646 9401 6165 5145 4569 5184 7595 427 4548 1533 7577
30 3236 7545 7708 4769 3762 9484 3122 2642 2797 3882 7765 4334 3191 6460 8691 3705 6026 4839 2727 1623 9701 2861 3206 5088 6909 3998 8559 4257 6480 519
29 5604 2765 9166 7219 2396 4716 5783 2018 2433 9314 6037 5951 2720 3502 6228 6220 2593 3419 8331 46 8664 1982 9374 6659 262 3289 4643 362 7456
28 7633 3235 8017 736 3050 3731 308 6652 7580 2735 8144 5828 3246 2428 6846 733 8667 6712 2402 4686 5494 4772 6541 7453 1798 2123 6564 4916
30 5832 4447 6294 2963 4165 4393 1639 1160 6295 8486 5568 2629 644 3456 8482 9552 1416 9066 5810 4187 4778 7034 9657 8690 2618 2505 5491 1727 4635 6479
26 3766 2297 8851 3396 3238 4069 8741 2061 1104 9502 2877 1761 6208 1866 999 1763 7832 763 8863 8411 9167 5101 9476 4592 4708 6588
28 6845 3210 2554 5483 5423 1612 956 9990 8974 1861 7188 4612 2500 305 6930 5040 9471 8199 9693 5111 3597 4620 607 7601 6717 467 1738 711
29 9014 8468 553 8919 9751 2147 8418 7361 4137 8460 8004 2009 3825 8616 2033 9118 8926 9047 7813 4453 2580 3097 6455 5085 2405 2862 4384 3957 9768
30 3709 1577 3505 7014 8829 7116 2401 4076 8328 425 1519 1668 9780 1489 9185 8341 6545 9409 588 5986 4899 1324 8380 6290 9108 6248 7705 9030 6189 8194
26 5703 1424 7694 2736 4529 4976 6710 3741 7142 1082 4281 9057 3094 5152 7853 1047 7210 7141 864 6067 4912 2294 2214 8953 7474 9343
28 8502 405 5675 2614 1681 2992 1322 7927 4885 51 4047 6581 6915 8338 8713 5539 226 6058 4159 1077 797 7301 7868 1765 205 9444 7322 6051
28 5057 9718 2649 3005 5520 9549 402 926 7812 7942 8159 2780 6187 6471 1458 9796 8972 2227 7023 6604 6349 4971 8852 2454 7746 8011 7593 4915
28 7760 8657 498 2916 6005 5797 7149 3182 4325 4542 7802 1935 6143 9736 8422 6611 3376 3891 508 7797 4024 7857 8777 1404 3308 2895 4866 3116
29 4466 1035 2777 7331 2479 4001 682 7338 9324 3130 6820 7958 2314 838 3753 5590 2307 4860 1201 7940 9493 1162 3397 1583 4615 8731 6498 3530 7649
29 9925 3153 1312 5914 1024 9428 53 4323 4745 4190 4559 6033 8892 8826 2576 1664 4727 5614 8804 2112 6987 827 9496 6583 3352 6833 6068 788 1864
28 1574 9213 9227 5263 9640 7728 7944 80 4588 3813 7811 2116 4601 4851 6904 7499 4085 3615 8580 9026 8101 316 9074 9788 3092 8771 2936 9346
29 3922 9054 3693 4507 4957 3707 979 81 6389 2937 6268 3791 5420 258 7549 8149 3495 7069 4244 5399 5431 562 1455 6602 8306 8516 5849 4707 5240
29 7080 5383 656 2 4249 4248 1804 6361 2892 7610 5480 1920 5259 1873 5695 6204 5212 1702 6043 2641 6923 4242 6465 9924 9705 451 9161 4771 6246
28 671 816 6151 2573 5724 1300 7513 4880 2846 2799 2050 310 6510 9769 3889 6841 8333 8186 631 3012 4154 5995 932 1281 2537 3083 836 6806
26 7828 5944 8297 9079 5117 1760 2744 5570 4229 7484 1988 1698 5817 7088 8498 4557 7635 2662 9271 2240 11 2063 4291 574 6969 2480
28 3240 1746 3694 5460 8681 6859 4524 9994 1792 2030 7525 239 5854 5220 3137 6223 9624 8291 7783 260 9102 9722 3426 3859 2105 6755 1791 6491
26 152 1191 4773 5349 1152 7176 8050 9583 437 1248 6914 1524 6486 729 8762 3213 3113 705 454 890 2655 4993 486 7856 950 6017
28 3632 4259 6935 5696 7528 2053 745 7393 6186 8150 7284 5964 1303 8384 7146 3961 1346 5393 8379 4670 5788 8342 2905 6053 6324 9244 9731 9802
26 6891 9868 5865 6493 3620 784 4703 3625 3912 6715 7082 4379 6406 157 3301 5248 478 6064 2958 146 8088 7411 8658 7174 3080 6906
29 2586 7609 7984 9951 6234 7144 6341 9406 4589 468 9375 3146 3798 9694 5135 367 2231 3754 9897 3600 5623 7827 4176 6040 5864 127 8928 7747 9307
26 5465 352 128 6889 3391 1165 185 6978 5976 9815 8347 8345 557 6134 8999 4648 424 1884 3497 217 459 4905 9613 2829 2157 7364
26 577 1130 7496 9702 8234 6746 385 8581 5523 3545 3431 5766 3321 7058 3605 6628 5150 1757 6641 1782 5776 4450 4702 7002 6149 4576
26 601 1468 1860 6113 4887 8897 2679 8238 6609 4136 6082 1170 3211 2485 325 6853 7963 4781 3658 8716 4150 5985 7930 5970 7654 411
28 2146 7222 3618 60 8714 2429 3297 3100 4158 8213 7108 6763 2811 1892 2125 5484 381 7133 3428 7293 315 5624 4631 6059 2523 3024 2786 2494
28 4949 839 3575 4327 3410 7667 2782 1707 2562 1423 7906 3314 7884 48 9483 3043 6939 438 2449 118 9331 735 6022 2211 9642 3226 9403 5065
29 666 9826 9756 4824 5148 1283 1854 9880 4193 7597 9500 8008 3453 5417 4160 8550 3499 2411 9626 3973 935 6886 6579 441 4961 8880 4461 503 75
29 3756 9441 2482 9636 1025 4514 9183 2337 4413 9420 2052 8536 92 7588 5379 5477 193 8034 3822 1006 1157 2356 9433 3450 5527 7951 8037 7194 3227
27 8724 9688 2954 6155 2555 7381 939 7748 4396 7305 1069 3543 9824 6100 5026 8155 7879 3569 8473 7444 6848 7666 6222 8484 287 9555 5392
28 6330 1387 5213 4802 3373 9974 3949 541 4487 8993 2646 753 9983 3635 8509 5581 9197 955 1931 5288 3189 4729 8789 4270 1305 2357 953 1990
26 78 7511 6578 5112 3992 3722 1440 1839 5322 9526 6585 4081 1451 3684 5187 4609 2460 7446 364 9691 8929 8788 8018 4680 5789 849
30 1813 4796 5583 5794 9129 5713 8746 5170 1836 8040 1011 872 2878 6721 522 4167 3470 1977 9653 6678 2827 3296 1475 2503 7287 1786 6921 9003 2467 8392
28 3425 9328 8170 3044 3323 8954 2770 2687 5293 8466 2590 2124 6878 1308 8148 9729 5239 5825 3031 2750 4245 7445 8576 1800 4346 2907 2456 9982
26 1048 1846 7638 3295 8884 1677 6686 36 7703 4898 822 71 7077 3461 5730 5154 4787 6314 9541 723 3447 7583 2478 9904 8619 3808
27 7132 9336 9732 9836 3292 1042 6205 2403 619 3986 5000 5451 7962 1894 492 6396 5385 1426 4554 2621 9608 9004 634 9563 8374 5779 7134
28 660 523 8513 1422 5144 1373 8569 4566 7993 8289 972 2923 2235 4448 5519 3639 9405 9480 5034 8825 9684 1859 3578 5337 6929 9164 1136 1793
29 654 9440 4474 9787 1926 7976 2912 8726 3326 4575 1427 9818 4153 8611 3136 9800 5114 8373 6104 5272 179 8361 7452 9948 894 9320 1550 9188 6413
27 3720 9075 7244 6351 2024 9494 4472 6409 5769 9690 5350 2948 9739 628 9290 5731 1195 4475 1252 727 9369 7480 7119 8244 3345 1954 8629
26 7937 4060 9699 7026 6313 1131 2738 5369 5055 560 76 2017 863 4477 4033 5236 8839 1844 8785 1110 5180 5660 6654 7741 2968 9556
28 2163 9942 4650 9806 9096 7572 4273 3654 1020 9812 5304 8721 249 2615 998 2631 5013 3184 8016 4846 8354 3613 8818 4746 638 6881 4256 9932
29 8078 4182 6785 9685 6973 7482 7842 9272 6979 2039 2538 6171 1880 8446 9959 8732 6539 8414 4752 6734 6549 7819 2117 3154 6797 6533 4954 6269 531
29 7643 3877 3782 1113 4909 8162 9831 5867 9795 9851 230 7071 8552 8278 2645 9453 5622 9021 2910 8300 9746 5684 7933 5091 2264 4682 5845 8387 7063
31 8299 5241 854 7060 1644 4030 320 8389 9267 4446 6256 4130 39 1126 9367 9299 8990 4240 1033 4056 7640 2787 7818 6281 8243 2953 4297 9113 7850 224 7820
27 2993 4236 1036 3150 7952 1592 2136 2233 4997 532 3298 8538 6399 2225 7622 4596 1684 4016 5421 5203 160 8252 3141 4688 8305 1399 3642
26 2414 3765 2940 2914 7436 4975 8036 1609 1852 1435 3975 986 2551 8882 2714 302 8921 8692 1528 3165 4979 8533 1385 9968 3422 5255
26 94 8152 26 6925 1264 4302 9864 9939 431 4241 5169 6728 1452 2982 1616 8837 3852 3999 9245 5902 3577 5538 9582 4561 8092 3504
30 3233 4568 4944 5815 2085 8910 9961 7878 5105 1883 2513 4440 2606 8066 5752 66 1088 3231 1286 7041 7211 9210 2199 3688 3369 8845 7478 3468 2007 7010
25 7735 8434 1100 2168 2138 8718 4640 6847 7522 798 4985 5132 9935 7681 299 2492 1823 5321 3221 9348 218 8803 2041 2804 5644
28 2648 1196 3579 3268 1257 4639 2748 1810 1081 5514 6590 4456 1483 9 1853 6670 7558 1117 3880 9749 1984 9146 6209 714 5466 8228 946 7540
28 4469 8896 3630 4896 7992 7715 8201 3299 4247 1431 2986 2705 9222 9081 8007 2372 1391 8587 8269 5923 7057 9479 4624 2328 7094 378 6320 4789
27 9742 6461 747 3951 1600 515 6616 8517 3500 5904 4019 2408 3199 1507 4312 8975 2290 6725 4441 9234 3413 8853 5946 9208 5734 3381 2611
27 1187 182 9131 5668 6922 343 4307 2674 5146 7472 7328 1172 1128 8915 6743 4970 5989 9929 8656 6081 3591 823 9557 621 8105 7978 5885
29 9872 2847 416 3201 6275 9777 7201 8911 1802 8458 7105 5297 6997 2276 7740 8560 2979 6146 1156 8233 246 1463 7017 7461 6782 6013 2959 1484 4747
30 493 4974 7448 665 2037 6767 4278 4221 1917 5343 8258 8089 5661 6024 1774 2077 4112 3512 5899 3378 4133 5641 6805 2162 8811 1958 6012 9573 8470 6614
29 9215 9460 3701 9304 2353 9773 675 3203 7240 1120 9720 6849 7949 8255 8254 5378 1886 9262 4202 6035 5745 2773 5452 2987 8520 1762 8195 1211 2528
29 1824 915 6363 1608 4175 6816 4692 6436 363 8862 3563 8686 6544 4230 4149 64 5672 6528 1729 4253 3032 1497 7490 640 121 547 3652 5877 9784
28 5645 1060 8356 1325 6242 3667 3281 1777 3340 5584 7059 8020 5909 3786 2206 9893 1611 7510 5697 7 8557 6254 4326 442 8660 3467 8768 6625
27 2636 7787 7251 8120 1267 6822 9356 0 9451 3785 5070 3892 6954 5200 4603 7844 183 507 8419 3969 7113 1443 7523 4936 9398 1991 9799
27 3209 8870 6092 4926 294 5714 3103 3427 2722 1168 5347 9278 5994 4332 1488 4570 7578 1748 5469 3087 898 6569 8695 7261 8945 9109 8816
28 602 7494 1192 1499 9150 5542 679 1149 3018 3908 4431 8878 8335 3926 4578 153 1567 3805 3222 847 3357 7736 6840 1374 8736 6667 4791 8753
25 2830 6425 5115 4910 5522 1222 8154 7784 8894 2188 6352 2171 9547 3927 3068 9345 8459 5893 1155 2856 7524 7791 5609 2249 4329
28 4077 7946 3385 9123 8966 2608 499 2281 5119 1647 2897 1091 4779 7656 3650 7437 923 8973 122 3230 8451 5575 3943 3406 852 3901 7854 2388
29 2563 8983 8625 7442 4192 6411 4828 1821 8876 8477 59 5309 2389 909 3401 7271 6170 2173 7314 3751 7255 7303 9602 1337 6356 439 1323 3913 2436
29 7148 4392 2000 170 9752 2058 1689 7777 2680 6472 7767 5442 1003 5782 844 3723 4414 6714 834 9928 3714 6458 8079 1005 2115 1316 7968 2481 7187
29 7642 4238 7752 4311 5051 8957 4387 6215 5802 5490 7776 9964 6951 9389 3747 7700 3571 7079 6777 2172 3924 5319 2896 978 2834 4699 8132 8879 3436
29 2996 766 2442 2304 2239 7974 8178 9943 5969 1269 7122 4002 4930 4343 6147 361 5827 1050 8321 2596 672 1949 8738 8838 1378 2571 368 6061 2518
28 4071 6597 256 5109 1758 3881 3040 4521 7062 7816 2325 2044 3317 4120 7615 9469 1732 8800 3792 579 3200 3586 6838 5936 1705 7764 5410 5921
29 5046 8364 7979 1051 2965 5868 8417 2950 5159 5133 6918 5404 5292 9501 1094 8168 5287 3594 9518 9088 5743 3673 4265 7734 7730 4380 9748 2901 697
27 4830 4794 5156 3442 289 9121 9725 9798 4726 8153 334 225 8886 1719 9570 386 8107 6558 5414 6420 8962 7019 7332 5032 9829 4419 4644
29 6956 4951 7042 6790 9097 393 964 9437 6331 1692 8260 1915 5579 7919 9024 4335 9040 9103 9551 4763 4429 7274 2374 942 9878 5650 5432 845 6835
27 5014 8246 8440 144 1124 9629 7086 3486 9762 8211 7925 4952 710 5716 9355 5982 1848 9070 9511 4854 5364 7197 9253 5795 1105 655 7688
28 9189 7030 8118 4455 7650 9241 6427 7369 8528 5023 1548 527 1972 3003 920 4434 7750 2839 772 8612 9114 6903 5599 105 5593 9991 4897 6596
29 2652 9589 910 3462 780 2677 8526 5784 7693 9260 9562 300 4376 4583 4602 512 9595 5643 536 9144 5338 2438 114 4155 3661 480 3840 3918 6301
30 5798 7235 7698 1597 2395 9721 7870 4809 74 9006 6277 4140 5791 2382 4215 3175 8597 3567 5464 5927 5179 9843 2875 8633 2991 3727 6495 4683 6435 9827
29 6229 9038 8227 3781 1398 2746 4313 1340 8251 7869 2230 9689 3121 5219 4161 1249 5943 6323 4164 6336 9911 1722 6477 2612 3214 6503 5667 8683 6804
26 5837 5324 6250 9621 3036 6105 5759 5401 7745 5530 8734 1436 1721 984 3287 5199 6689 8643 3282 4022 5358 4783 5294 1361 3218 2587
28 7313 5069 563 3518 304 703 2266 1610 9970 7068 9218 6337 9326 1535 6306 7975 5651 2362 7504 2366 3980 7956 3358 4416 7508 4735 4832 1773
29 8545 1247 6664 9612 8204 5896 147 9975 2601 9178 4204 9728 4696 9250 4918 6624 8401 3884 4305 3245 5099 9313 3521 8485 4061 1975 1071 824 4625
27 207 7175 1140 4917 3898 5706 7910 3984 9885 8358 4028 8769 1280 4829 5270 6991 6512 2026 9614 8806 2669 2285 3015 3583 5774 1367 8636
26 4980 1768 7969 3177 908 2531 4117 8493 1419 5811 1321 9334 7363 1413 6180 5498 6127 9512 7920 8065 6981 3948 749 2881 6960 8964
31 993 1271 1148 1554 6278 8012 3272 383 8469 5403 7275 4212 3011 1856 917 4614 1613 5205 5554 279 2180 6662 1529 3655 2883 7477 2170 5729 8640 5029 8618
29 2600 2496 4170 8566 9033 8992 2591 7751 3647 6750 9317 5311 5694 6429 5833 7126 4955 52 1213 3372 2676 9132 6801 6273 8567 891 5712 8715 3767
27 3873 4246 330 1066 1964 2701 6299 1258 9436 8206 3364 4873 3849 8038 6772 6075 4893 6343 4987 6700 5576 5589 6293 7991 9293 7399 9418
25 6975 5388 5245 9385 3139 2775 930 9648 2303 6185 4374 5137 9010 8796 7758 7829 2271 6023 959 5792 6769 9710 2400 3403 5211
26 8698 4797 1014 6407 375 5348 4478 9084 3167 3565 3863 6582 858 4598 3389 8529 3596 4023 1090 1388 4651 374 2203 8272 6737 6537
29 1204 6729 8143 1809 629 7087 6752 1525 5861 9634 9089 4658 6508 1135 3963 3939 335 5246 8054 6957 4142 5339 9176 2824 8823 6920 2616 3106 5638
26 2550 7871 2524 4415 1390 5166 9467 3489 6675 4665 5124 2066 782 6418 6698 8847 8259 8705 4528 6852 7799 1957 3779 1916 2267 7774
29 9960 554 2305 1737 5945 1521 2794 3905 6015 7727 1166 8861 5869 539 6175 2889 7438 7143 2702 4886 5754 151 469 2079 3459 5805 6573 4353 6088
29 1808 2417 6879 1818 1080 4053 5912 473 2232 4724 4527 7536 4591 907 143 2845 802 8087 241 1400 3843 3593 5381 9335 4531 9698 1010 2213 5707
27 2091 5049 1862 8624 3411 1487 8553 3215 1207 3608 3273 9651 8334 4471 8200 3013 5841 9901 8301 6733 2109 4646 2796 6637 321 2850 4184
28 9141 9861 6683 3679 3866 7249 899 7441 6764 5911 1189 4844 2495 3923 3646 3437 3895 2663 7027 4725 4816 8427 9221 77 4274 9452 1001 4131
28 9988 9257 5247 6283 8765 6703 43 9289 6097 2055 6434 7308 6892 5804 5565 6802 3960 2700 6199 5087 7266 3626 7220 7281 65 7470 5365 4821
28 558 698 5529 9130 3380 2057 8365 4385 3532 2522 3454 5600 9902 5409 4838 4482 2975 6526 8113 7685 7092 3861 3712 983 8002 3457 6217 2565
27 1568 1956 1139 3954 8421 6634 4048 2525 1118 7037 7785 7459 861 639 5924 3193 5060 5750 1008 2347 3483 5728 6002 4600 7839 5178 7534
29 5500 476 3312 2140 5574 3347 2920 3439 8274 9126 8214 4021 6310 6601 4633 9232 4693 5098 1291 5891 7269 8635 9193 4741 8708 1022 5928 2956 5666
29 6812 5939 687 9128 4156 2101 5925 6738 5862 219 7875 84 140 8185 2704 982 4496 649 1656 4330 4073 6926 699 7342 3014 5398 2143 7315 5823
31 138 9820 6655 6150 678 5796 941 6866 720 4145 1032 833 6651 7443 3981 1352 57 3409 2972 9525 8198 3916 8021 1232 7055 8112 9962 8100 3349 3633 5470
29 1833 227 7458 9884 8072 1282 7526 174 901 1307 5045 3110 2643 9187 9160 5122 5104 1840 5295 4299 2490 4007 2317 1129 7644 7166 7371 9838 2994
27 2713 9791 5129 7367 919 7464 2541 1555 4857 741 5803 7025 9060 6111 4645 6045 5572 8856 6913 317 5649 9620 2885 6784 1295 1739 9204
32 5634 773 1712 8003 5826 6322 4795 7561 5822 7661 4520 3277 584 9370 4423 4351 5346 388 7626 8720 4261 1619 9142 6158 9205 6289 1877 7518 4518 8574 7165 6405
29 1925 1691 5237 1822 3367 8266 9477 1735 9733 7374 991 1754 8222 4402 5962 9996 3672 1858 2929 9807 1026 8382 4449 3729 7807 5787 9580 6133 3818
26 1942 7309 7109 2135 5705 9329 5177 9870 1683 6893 5289 3974 7739 1382 7888 4043 5640 9875 6297 9402 880 9342 1981 8916 8583 470
32 9360 3361 3914 9286 4587 6027 630 1898 8641 4079 7670 9035 8815 2260 1262 3568 2060 6438 9169 1645 1366 5468 1180 9656 8719 9318 857 9082 7156 7926 3769 202
29 5160 8590 551 9755 6032 8820 6779 6286 5757 3774 2867 8659 4992 3464 2666 6433 1383 7248 7628 4405 5563 5607 7339 3478 8241 3760 5678 825 6441
28 8551 1425 7335 6102 6000 5 250 6553 7455 3035 4284 9490 8426 6375 2527 407 2792 8429 2192 8064 7530 1912 7897 3938 7050 2716 9650 900
29 7047 9695 3064 6563 5126 4282 9753 177 9274 2760 9750 6665 989 8780 6119 1906 7570 6958 8086 9028 4536 3947 2434 4222 8749 5548 5507 5007 4087
31 9211 5136 1410 5968 8046 1229 8968 9461 1767 5496 9835 9332 67 2977 2220 9421 7196 8139 716 6775 8703 3935 142 7987 6077 4984 5747 6673 6271 8631 7207
28 8595 314 1067 8890 1558 7790 1236 5079 6274 5053 5704 4178 8907 6386 1936 475 8242 1789 599 8795 6259 5011 3135 7713 1396 6798 4058 8351
26 5673 1348 2399 5829 15 8913 3513 3429 5142 3058 1292 2998 5306 9359 9400 8217 3327 875 329 8173 8202 2360 8522 172 6524 3048
28 6227 8654 874 3953 7180 236 1904 6550 2132 5121 1000 359 8035 4218 8601 7757 8210 6649 9730 3252 1438 6101 3542 1375 7413 6029 5851 4978
27 3815 6200 6936 4084 1133 134 7981 1679 6412 4657 4375 4147 3812 7493 5971 5394 985 3276 761 707 5710 8188 8779 1115 2789 1235 9138
29 8786 3060 6488 5472 2906 706 7299 9182 8322 5879 868 9372 3251 2817 5727 7924 4814 7881 1450 5931 8452 3739 2553 6478 1209 4981 951 5681 3708
26 9284 5613 9522 3855 1985 7637 9622 9044 734 1360 3631 8855 2682 382 5426 2462 6124 4911 6571 4216 1827 5286 8343 8893 9349 3531
28 4904 1492 4122 5127 6910 2126 1547 3803 1871 6364 3603 1933 3807 2739 8031 8276 8116 9779 3967 4220 3294 783 7440 1454 2498 5559 3305 9404
26 1386 3878 7982 8751 4983 4722 8292 5935 4460 2647 3134 3879 7859 2888 8319 5038 1591 9137 6536 1500 9978 4337 8068 9916 4962 7775
27 4397 8339 5511 3322 5086 1604 572 6874 925 8628 5963 1960 3759 6895 3458 7514 8310 4719 9199 1605 543 5225 5615 9134 448 7294 3517
30 8044 6062 6970 4046 3716 740 7915 9898 5301 9327 3835 2062 1320 3686 3806 2671 449 3359 4498 8868 7095 748 4558 9486 3713 6011 2385 9438 6810 7264
28 6557 7015 6258 1700 2166 216 7960 4025 7390 3105 4504 6773 5848 866 1453 1469 3890 9998 9337 6346 410 5824 7128 3493 5937 8290 9015 1651