5 6520 8001 6507 1403 6770
7 262 7012 6303 7950 690 5682 9294
2 9702 3737
2 2007 3412
4 9099 329 8199 5790
3 4144 538 7404
9 7904 8872 8741 1060 8197 4010 7241 6993 3780
6 2343 2549 6481 7485 6136 2888
7 5317 1295 9887 8141 7566 3589 5376
9 4898 911 4463 925 1607 3020 295 4296 3688
4 8452 1127 3347 7219
4 7329 7496 5937 6569
4 6363 5917 2524 1114
4 5864 2629 7527 7615
7 2693 7248 8308 4457 6723 6300 4650
5 1480 34 8080 3664 6667
6 5739 7923 7852 2540 6339 7223
4 6072 794 5857 763
8 7003 6195 9428 5935 2671 6789 480 2163
2 8606 5629
5 7882 7867 4614 3560 1425
2 8070 5563
3 2298 3903 1226
19 3905 1724 6601 3262 9661 3847 2947 5327 4265 7720 2763 5319 3872 383 3318 9759 535 3545 7049
3 7314 962 2208
2 2491 8874
9 2735 8672 8234 7419 1448 1185 1484 5364 9536
6 7028 2056 5480 8654 3562 8423
10 6462 3610 2080 4994 5515 593 2902 226 7739 6693
3 881 5984 2597
5 39 6398 8842 4114 5606
5 9509 7121 6011 3402 8178
4 3187 3838 8349 247
9 3864 4977 1141 5707 2604 3378 955 757 7390
3 8038 257 8862
7 6830 6309 8971 1456 5399 8013 307
11 5437 7850 5947 2010 5077 749 5545 818 9259 1507 4446
5 4998 2987 8230 1225 3626
9 6362 2229 7774 6791 5570 5449 9703 7002 8723
8 8160 8411 1895 3858 1730 3781 3172 3914
13 8991 1146 5031 78 8200 9057 1772 1052 3240 5414 2114 4803 465
2 3134 9309
9 1817 87 5905 5488 5047 4488 4726 2880 7795
5 3198 1542 413 2029 2897
5 4303 1011 879 3115 5646
7 6548 6371 7408 2864 6177 406 176
2 4996 4622
3 8732 2138 9677
7 9503 427 3026 7281 3620 1247 1704
8 9011 1624 2111 4864 4 6702 5363 1082
8 2881 4789 2946 9669 3543 4683 1552 1809
4 9764 5224 7349 557
1 7182
6 605 1915 8126 4573 6650 7992
7 1107 9697 6635 8371 5147 8939 7611
1 6834
8 6740 6907 2931 5048 2097 9840 7985 142
9 2605 9844 7454 8643 1401 455 5055 5840 859
7 558 3935 4454 2795 4284 3175 8069
4 2288 6005 170 4140
8 9624 8284 9006 4244 3656 8802 1086 144
4 7476 8238 1599 452
11 6382 8536 5153 2798 2310 296 1581 9396 3994 8897 5916
6 6581 5581 2929 3099 9555 9811
7 1773 2768 4610 5855 3110 7358 4861
3 7280 4597 5543
5 8239 6322 2073 6603 4354
5 7347 1614 6400 1483 6302
4 2204 9596 9532 746
9 7966 4730 9336 4097 3522 4904 68 6079 7688
9 3508 7218 6440 6675 5512 1080 1825 9115 2508
7 5156 4247 5932 9551 2595 8424 1410
4 5763 9009 3571 6185
7 1721 3623 8778 3180 7029 2770 9960
1 2134
14 7373 4612 1126 3581 9667 1953 2925 1708 1173 1903 9711 2286 4042 632
5 264 594 5470 3631 2276
2 8464 2544
5 928 188 1890 3480 3618
8 5426 6855 5348 1544 525 790 3662 336
5 2591 9653 2334 8232 2627
7 4924 8676 8997 1850 2092 5142 4292
9 9489 9958 4473 4464 7851 6750 395 3287 7283
6 4301 7593 5544 3369 3279 7335
9 8721 3114 14 8647 8138 5002 1939 8636 2243
7 4087 967 1334 9615 5533 4432 2318
8 9100 3191 2346 5845 2610 2487 7783 6111
4 9897 8366 1318 479
4 5377 1322 5084 8019
3 9444 1003 901
7 6724 4232 5274 8380 5265 6586 6193
7 5321 5165 6428 623 5354 2280 6127
7 134 7516 4262 6627 6500 3850 8269
2 3887 1653
2 2787 3478
8 4532 4380 8180 9280 2067 1180 9909 5020
4 3491 914 3514 2618
3 2984 1847 9916
6 613 6914 758 5149 4545 6221
4 9751 9986 4047 3422
11 4450 8061 874 3312 1748 1575 9146 8744 6045 6153 6330
12 1071 9153 3881 2364 9616 9507 9271 8607 2909 5944 8152 3665
7 1594 6086 2148 4697 3084 5179 2038
7 854 9588 6588 3861 4319 4271 7539
2 4184 3120
7 7318 397 359 4751 7151 4186 8036
5 3311 5658 5394 793 5578
5 5625 7447 4095 805 1134
3 288 998 1547
6 3265 5775 366 1514 8712 8964
6 3962 8568 1398 8163 9120 9243
10 8885 3728 1762 3978 6212 2301 6685 9390 3386 2312
6 129 5121 4324 7112 8210 3880
15 8667 9118 745 9583 8466 5657 9531 3698 4445 2564 792 5588 664 7681 59
5 698 8812 2839 9013 4383
6 3877 4253 6691 7522 8280 6919
4 723 3741 4269 7756
8 1680 8910 1395 4129 6890 56 764 1848
8 1725 4981 5894 7089 8891 8825 1327 8572
8 6169 347 9719 1878 3388 2876 4817 630
5 8893 242 3713 3825 391
2 9451 7713
6 5679 2155 7815 6994 2890 3380
6 4029 5968 3745 8690 1694 8532
2 5997 7986
2 3705 7173
4 1374 5401 2200 8957
8 4135 2027 5610 9308 4695 3087 7024 9448
4 8625 641 1701 9203
5 3256 6323 398 6700 1006
6 3625 3652 5286 8523 4779 5438
10 2147 5393 2648 2545 9193 995 7590 6489 1287 8054
3 6526 6863 9520
3 631 8327 1131
11 3215 6159 9676 2616 5388 1084 5065 1076 4750 8775 8216
7 7196 7728 4322 9365 7644 7289 2273
3 8565 9575 4662
9 2692 3015 390 411 9488 4474 7814 5536 7878
5 5593 8343 3829 3996 5501
7 1188 4753 9413 7069 4606 8865 9024
8 2122 7374 8503 44 5011 7214 731 6448
4 8749 577 5145 8377
2 619 2983
1 1545
7 8786 559 8066 2822 3927 2818 2185
10 103 6555 1187 8905 1946 3890 787 8923 7467 2658
6 3630 1905 6249 2011 8455 3313
13 5452 8079 3186 6034 9310 4412 597 7979 5485 7238 9311 6840 9599
8 4148 5130 7481 2851 5144 7111 3274 1495
12 7387 2722 4026 7589 6810 5750 8714 5456 1638 5110 20 8879
7 1666 4149 5170 6976 8100 5415 7676
2 2918 8556
7 5151 7144 5251 6271 1958 270 2238
3 2499 4032 9573
4 5833 1522 1961 8147
4 205 9782 4522 5672
5 8868 3703 6701 2271 1574
7 2959 2214 6960 6761 3497 2746 9716
5 5260 0 4922 3586 5459
9 9663 7520 5776 8634 8487 743 8396 1478 8770
9 3828 2050 6892 3223 5978 7667 2488 220 4501
5 4647 3910 9834 9932 9339
8 3163 6014 8253 5687 858 9942 5493 3820
8 7892 6542 2137 6436 5362 421 9635 8850
6 2863 7528 5896 8888 322 8941
6 8048 4823 9591 9088 6295 899
10 1691 9568 4668 7008 6731 49 3950 471 325 2724
7 6108 3275 8467 431 3690 1149 6918
3 5604 1659 9476
9 2261 6943 7888 2623 675 2252 9931 131 3884
2 4220 7601
3 7205 4776 2840
2 5950 8414
7 2382 2381 8365 3712 5555 3076 8638
9 5424 3555 107 7300 5275 6522 1549 4350 5652
4 171 470 2609 1212
3 6514 2794 7708
3 5072 3975 4018
4 9447 1237 4091 1540
5 2082 4834 7443 9281 9690
8 8046 1446 4599 7011 2210 2490 2030 12
1 7937
7 4942 7168 1375 28 441 5979 8008
5 2112 4985 679 9776 6311
6 8167 5837 8624 1428 5462 1009
5 6181 3494 5339 6210 5723
2 9097 6080
10 8736 4802 3960 5037 9414 2588 2069 8375 9918 9430
10 6689 9437 1617 8473 5842 2821 5720 1158 304 4268
8 6935 6334 163 4701 148 8012 5659 86
8 6102 5482 1699 5942 8352 4841 3189 8002
8 7253 6245 2115 2958 9530 5819 6461 2628
6 380 2877 1760 8884 6768 5718
8 2379 2815 7977 7517 298 2843 6364 4671
3 1586 836 966
2 3749 3857
4 1816 1293 7509 4005
7 3061 2197 917 9949 7288 2691 1577
7 2512 4869 9355 4928 3971 3920 939
6 2662 6445 5592 1731 5150 1868
3 5619 8808 7714
3 2272 7821 4243
15 9944 4046 7056 2262 6374 7859 8089 1641 7964 4737 7166 6748 4909 2253 58
3 2242 6288 3069
8 7970 9552 5696 2170 3000 556 4719 5439
5 8244 4385 6717 3284 6342
4 2344 3742 8430 3523
5 8124 4363 7969 4971 1020
13 3090 6227 9726 4766 5033 4210 3934 6096 9215 4341 2968 8684 8321
9 5505 5039 7623 5068 9206 4771 1207 1576 1929
5 8402 8392 1573 3500 7036
5 2198 5159 9374 8980 7215
7 3117 7746 7290 4277 7537 2563 9067
3 5481 9358 1705
8 3173 3054 5164 5102 6801 1728 343 7183
10 7293 2352 345 2579 4983 2035 7649 1633 8847 6258
7 1572 3407 1242 6715 9664 6477 8582
7 1286 3472 6313 4820 1379 2936 7264
8 8745 888 2932 9467 1517 3415 1966 5841
7 1119 7844 5812 4337 1093 9885 7820
3 8762 6819 3012
8 6145 7944 7983 3128 1268 7185 1139 9850
8 6012 2142 4212 2237 4082 2064 4281 4120
4 4735 79 5926 6074
8 8767 3689 5104 8313 8685 8538 4955 840
11 1486 6036 6578 9678 3521 6978 8168 3218 5726 7597 4732
5 6480 8619 958 9008 3617
4 2119 8934 6388 3289
9 946 155 9775 9004 4185 6632 667 9432 2845
9 7322 6124 4978 9542 5109 4134 1506 4188 4241
13 654 4638 3674 9862 9597 5595 6611 9399 5202 5443 3059 2175 234
5 2978 2266 4222 360 626
4 2806 3684 182 8838
3 4884 4320 6458
19 2741 1932 2367 3399 1091 7639 960 1636 7302 5542 4883 3886 5798 8558 1288 1210 9937 7 5390
3 447 9123 6073
5 4163 6463 8836 9417 8740
6 9788 7669 8717 1383 495 1562
4 5895 1001 9938 1976
4 4460 2879 8095 6170
10 448 1213 4287 3336 4795 9178 1259 1952 1931 3458
5 7798 7997 7052 8301 2363
5 2522 650 5494 3505 807
10 3330 7291 8998 8478 9600 8364 1238 9350 5618 7093
8 3548 9221 756 5373 5175 3456 5474 4962
4 3982 6559 8091 8265
5 9689 139 9717 136 4556
6 9967 8702 6010 8166 5697 4951
5 3206 9184 8777 9176 8877
7 3940 2374 8072 9240 5460 5125 4338
6 5674 6933 5119 7059 4041 7700
3 19 4987 2914
10 1908 694 7279 8908 6301 7416 9438 8169 3097 2764
9 8353 5802 3519 4611 6872 13 1230 3032 4725
11 1554 2433 755 4618 6852 8540 855 4203 7450 3484 4540
7 7501 1831 1525 9252 4218 5225 9522
5 4340 3096 7160 4158 3569
7 1155 6094 8282 7257 944 3954 2032
8 7181 9966 6088 8866 8880 3244 8211 9906
13 938 3150 2820 1811 8165 1548 7304 2553 7017 6444 3349 5398 6505
9 3139 4658 6560 2837 9956 9423 4553 5435 299
5 3091 9338 6482 3723 1254
7 4575 2594 3856 747 6775 3153 4108
13 9586 7806 968 5078 5221 1073 5311 1928 9637 5454 1312 9829 5596
4 1057 6241 8497 8942
8 1989 1172 9792 1938 4918 7673 4790 729
11 3487 2468 1899 3062 3945 2226 1043 8818 971 7824 2813
5 6792 3889 4844 2697 5244
5 7787 9060 5900 4631 195
10 8016 1736 4769 8461 3525 7035 9753 6931 8350 8972
2 9455 6060
7 7345 1140 5215 7540 6534 7906 2221
5 7105 517 9154 9493 1948
7 6729 7100 5314 4757 3305 923 7766
3 2289 707 2427
3 1823 9025 1136
8 7394 8014 2462 8645 6958 9606 5407 3346
7 6495 9055 7125 1983 3517 26 6955
9 8525 1520 8863 4193 8205 3042 8057 2824 8507
4 8156 8363 1677 5865
5 5626 7945 3878 8454 2509
8 9979 8432 8206 1120 4049 7826 3526 9131
8 5664 1917 2993 1974 3533 5547 8861 5331
4 4306 1957 1887 1202
5 4572 5671 504 2586 8925
5 1433 2406 9318 1342 6439
7 3310 2094 8267 653 3107 7459 5273
9 6491 1234 8 4531 5270 5735 5939 5410 6869
7 8458 1415 3775 8526 5647 1304 2441
10 4872 6583 5203 99 4510 7788 869 9898 8710 8943
6 1934 8106 9168 5408 953 3238
5 8784 8143 8622 4077 8947
10 9144 634 1476 9989 5217 7968 3987 9517 5253 4040
5 2646 1933 5661 8519 4846
4 7228 7051 906 7251
5 7487 73 2411 2830 8131
2 6 4393
2 4127 2554
7 1041 1698 3304 7577 2493 2002 3985
8 3337 4961 9069 7932 9521 1923 2224 6492
3 8785 4880 181
4 4944 251 9865 9465
7 1270 7221 3670 2643 4013 9198 2307
2 4249 8543
4 1367 7405 685 8726
4 6470 5685 9971 5063
8 1459 6696 584 9017 3792 6229 2308 60
9 5694 5580 4600 3113 983 8196 4197 5467 8907
8 7653 1092 3095 5416 2321 1645 7138 4577
2 5044 4124
5 7438 3066 1341 9296 3727
10 8272 4291 7143 4868 3417 5587 4311 4506 6944 8887
7 3980 440 16 926 5051 5035 4315
3 7431 1468 9304
8 7741 3118 3464 9 1437 5280 4490 6273
11 2517 7868 8881 143 3350 1191 7881 4425 1404 1740 70
5 2721 3509 6242 522 976
6 9814 2550 6226 8900 4778 5446
4 7285 8145 6191 980
8 1975 4240 1802 6524 3797 4900 6999 4554
6 9648 8114 3863 4116 3679 3984
7 964 8914 8946 4181 6595 3048 8154
7 8655 5961 7095 5058 6573 638 6964
4 825 6564 9638 4783
5 7711 3252 2103 5760 3021
5 6902 6664 1336 6626 3899
10 3359 9032 6624 8707 9484 8336 8322 4578 2848 4057
2 54 3619
11 9880 7328 9826 7616 8299 3081 2421 4019 5412 4145 6828
3 8251 393 8789
2 9220 229
7 3801 443 9201 4348 7603 9334 3033
5 6621 5874 1360 4936 6494
1 6467
13 5490 4486 1197 201 1982 1754 1631 9277 4424 3860 9545 7201 7338
6 164 1686 9090 2714 7771 2225
6 4810 1380 706 5455 8490 562
7 1216 2953 1927 5791 8669 8480 1881
9 6131 5176 7195 2853 9773 3944 795 3413 8569
5 4054 3440 3427 8666 5127
4 7563 9196 8738 8921
4 6365 4729 9771 4538
9 3213 7638 8511 4092 3897 7565 5797 2905 1805
3 7133 5854 5029
6 7536 1935 5003 7123 5333 9472
3 8683 2188 2530
1 8718
7 2018 4273 4916 5599 9786 8797 973
8 9158 4625 7972 1579 1643 4305 4178 8337
4 9780 4484 3644 4891
6 9657 9612 289 9905 2659 4755
4 7267 4396 7620 464
11 1215 1776 4632 5186 3379 8015 4399 7625 9875 9796 2130
7 2316 4689 8006 8275 5617 592 2169
6 3721 3965 1972 3302 5714 6434
11 6281 8553 5897 5612 4458 5964 4813 5773 796 1808 9443
7 6055 6250 6084 3730 5122 1732 4886
12 4673 4845 9953 8358 1249 36 6148 2878 4901 6623 9876 7586
5 6353 2847 9005 4374 4741
1 7460
11 539 9435 1298 6187 2022 1753 316 3520 1205 8674 1558
6 8395 7020 900 5395 9172 635
5 3795 7094 8078 2358 7375
6 355 7584 8279 9849 8171 3528
2 7146 7441
6 5908 4316 6070 6997 2090 5111
6 3694 913 6093 321 6606 7058
6 3515 1622 5784 9434 616 6433
8 396 7332 7027 1712 3642 7269 9990 7980
8 204 1950 7752 1488 4509 9126 7696 2117
3 4074 3041 1646
12 9919 8692 7718 7749 410 7744 2750 6533 1055 7855 566 1951
7 446 9398 3431 6782 392 302 748
8 7833 6289 9431 8222 3853 2816 750 5987
3 8087 263 1662
4 4624 5434 1418 8429
9 9742 798 7340 5 3922 8499 5162 6613 797
4 4189 3063 8535 2521
6 9540 7157 2389 6817 3080 1083
4 2193 5269 5476 3969
8 5794 9666 1827 5643 4768 778 1301 2361
3 5758 9860 9326
5 8150 835 7395 1865 9766
4 8248 3592 5423 5108
10 461 2412 4723 4459 6390 759 2606 7039 1244 2287
7 7817 1302 7427 2096 4332 8611 9290
8 5136 6759 6355 6760 4925 6396 3094 8217
5 6207 5233 7489 8527 9940
8 6530 5353 5949 7163 1290 4192 6368 526
7 2269 7907 9959 1039 4378 4799 8648
8 3868 1329 868 9439 5774 8276 7617 2211
13 5898 6934 6335 5209 4968 2823 7938 7723 2322 1261 4923 1898 587
3 3733 5877 7825
9 4298 2886 1419 7074 7001 1764 3871 5504 910
6 81 252 8417 9301 8185 7731
6 2400 2832 7991 4133 603 5266
4 6692 6743 7621 9891
4 1209 2698 2865 8174
3 9028 7943 5586
7 738 5303 3074 2457 2152 3902 3643