21 6689 7088 5205 4733 6584 1613 5915 8952 9038 3251 3052 619 2980 7545 9415 4574 705 913 6958 5949 998
21 519 7687 5554 1386 2741 1256 9284 342 2863 2506 9939 5984 2646 9982 3479 36 5121 8971 302 1327 8891
22 1066 3276 6756 7557 6601 9158 462 2393 2309 9758 9727 1463 5789 8233 7780 5912 1158 7087 4697 1093 1225 8230
21 88 3918 4665 9353 5650 9466 5298 2874 8904 2153 7321 7354 4501 8052 7264 9525 3837 4700 4197 9396 2487
22 7499 1784 4867 5240 9130 4063 3657 7167 8182 518 9237 2834 9853 878 5528 9582 2258 7530 2157 9461 7242 3259
21 606 6662 2455 5477 5428 141 2515 6999 3436 5172 4237 8738 3076 3344 1205 8611 7359 2088 3641 2200 1887
21 3817 8489 9965 6856 3732 1453 659 7830 5473 7132 5862 5367 9488 1214 7979 6890 6193 8369 1581 8939 7836
21 4525 2738 3773 57 5453 8190 9496 7894 2034 5083 9250 5925 2590 5930 6166 1793 4474 3644 8091 5854 7688
22 5335 567 5214 782 9118 8167 6902 8746 6203 4964 6396 6977 7095 1434 721 2929 1552 6844 5817 5361 1359 1035
21 677 8189 7638 4376 3366 7746 3465 1292 8293 3065 5420 9870 2102 7128 9115 1172 4633 5922 6959 9765 9131
21 4742 696 5535 3885 3502 6971 5844 5302 4125 3404 4970 2903 9422 505 9310 3206 4484 2946 257 6371 2770
21 423 7864 7768 4404 572 7118 715 8864 4426 7237 3399 1974 6086 8478 7089 915 9891 2764 9639 4339 9827
21 6466 3294 3129 6818 4139 1738 6757 9667 9800 5911 72 4621 4187 5496 9904 2855 5410 8130 3378 4779 2032
21 2920 7612 8892 2934 4914 8101 1943 8871 5670 274 8250 5271 5906 4023 4239 3037 8223 4418 2679 8463 9714
21 8175 1605 9267 5816 1245 8737 7466 7726 6775 1308 495 5681 6077 6315 8570 4670 2878 9773 6148 1614 5253
21 2519 4475 3317 3842 2900 1511 4347 377 9056 9213 7914 7385 2965 6497 9066 4922 2726 2671 4723 8106 8156
21 7475 6913 3910 6220 146 2852 6094 8109 5527 5122 6556 3413 6847 3365 2058 8577 5264 6317 4126 9940 6603
22 4094 7287 9805 4250 92 4300 8018 9106 5026 5191 2762 1770 7272 3662 5206 8066 5869 2064 5581 2289 5664 6
21 6002 6404 128 9795 241 3102 9566 2374 9221 5314 3913 2943 6704 3956 5418 1764 9309 6941 2321 1645 4900
21 4839 739 2118 290 1430 930 2558 9789 1871 9879 77 2560 735 3927 3301 9443 9887 4769 7991 3858 4987
21 2735 3236 2401 3199 6023 3770 118 6800 3610 1031 4198 4565 4053 8305 3183 3350 4668 4315 9749 4040 4156
21 7965 190 6450 596 5799 9570 7274 5933 7647 7021 7353 5019 9009 7003 7332 8479 5131 8174 7219 3255 2055
21 5497 477 5636 8093 660 7595 7457 5907 8911 3999 4620 2279 5741 3820 5118 5691 5972 3734 9307 4909 6288
21 2432 1438 9255 6475 6216 7282 7187 5372 3846 9767 2850 6030 331 3526 6553 5946 1954 7611 6973 8980 6113
22 2465 3527 4084 172 102 8094 1391 4159 3031 1337 1314 184 9293 6464 5765 6017 4391 8398 1014 8226 5720 7252
21 5018 9406 8573 98 6969 380 7081 1188 8688 1747 8264 7839 4155 4738 7244 748 3248 7869 4540 4695 1923
21 5860 6794 9503 9654 4659 3326 8486 4244 9983 3 153 8567 9386 3725 7845 5493 1336 7052 316 2449 8171
21 672 2233 2657 9634 5263 6784 7513 4689 4087 3201 8917 4852 3525 9201 5643 8206 1334 5048 1092 6266 9354
21 4601 7711 9944 8464 6048 7642 2906 7366 4669 5379 5689 7871 6299 9342 2195 5030 5928 349 9383 1230 4374
21 9888 5213 9806 6764 8421 6589 8956 6838 4314 8748 7860 8060 9312 7378 1174 4313 6411 4077 6635 6481 3664
21 4008 4877 8792 933 4007 3169 8631 4937 7006 9358 7939 8689 7012 7254 9468 6688 4616 6300 2287 762 7533
21 3090 3197 9078 2216 9457 8806 3843 2040 1592 8590 9867 682 7932 2334 4576 4596 755 6950 2786 9938 7161
21 6916 3005 3430 2235 4481 1746 5033 7080 5210 4692 8628 104 2733 6837 426 9590 6701 2905 2421 3081 9184
21 5324 1384 1869 2635 8445 9394 1220 987 8963 4073 7403 3707 9945 4837 3822 2744 5207 3140 2606 5474 7878
21 5970 7156 6951 950 475 1565 3258 2179 3443 126 6846 7063 2500 5110 4737 2188 8834 1669 5718 3500 4091
21 8310 3579 9559 9871 354 6698 147 5289 83 9292 1235 1750 2030 3736 7765 6899 2490 7905 4079 828 1418
21 4618 5808 3541 4202 529 1311 2292 8416 3672 2631 1125 50 668 7212 3831 860 2318 5065 5760 9004 6191
21 9409 1609 7372 1491 6729 9234 2477 9420 1897 7651 3221 3195 6990 1405 1574 6236 8364 5942 5202 3860 7641
21 6663 6329 4630 8856 2059 7191 7873 8229 6866 6625 6829 4963 8221 3517 1162 7776 9759 7950 5978 4510 4725
21 2720 8425 7648 5719 7994 4326 6098 1584 4263 4290 8817 6142 7388 3355 5038 5924 1801 8195 7748 6364 4750
21 6277 8736 3068 4482 5267 2355 7197 5105 2375 5385 1357 213 8436 2995 8466 6303 5 8589 9936 8837 994
21 4855 1372 3403 3666 8995 8188 7103 365 6713 6447 4382 4681 7921 8852 7199 413 6872 5051 8232 757 737
21 769 2589 1527 4228 5135 3482 8585 857 1800 3141 3266 42 9605 9170 8537 9206 8579 5926 3987 4 1699
21 4309 8262 3821 483 992 3451 7829 6987 612 2837 1982 5360 5696 6651 2705 9036 7664 8275 3728 7943 8582
21 5235 8029 5025 8991 617 1583 8827 4282 3463 8544 3262 1469 7345 858 7029 4864 7589 6373 2277 8137 8480
21 2571 5387 8786 5626 5228 7019 523 1166 3967 5259 3072 8362 9801 9119 9356 1153 5747 8572 9637 926 3043
21 1305 3655 720 3915 8504 2979 1896 862 1771 6833 6975 9416 7500 1775 848 4814 7423 3983 8082 6769 9227
21 8708 4583 248 4782 4643 826 7697 8494 3077 1534 356 1786 2420 3806 1099 2743 4413 5345 2196 3107 1510
21 1209 8557 8198 5602 8110 5701 4206 3509 9015 1501 4535 1165 3538 340 673 3876 7540 8910 8613 2864 2691
21 7463 6123 1054 7226 4953 8595 2969 3790 1681 3123 2062 9506 2236 6432 7607 2775 4161 341 7818 980 3402
21 9514 109 5771 830 6927 4798 382 2025 1123 2769 1450 5258 7674 158 6230 7736 3488 3942 7951 9895 8332
21 187 817 5721 1723 9949 709 7984 7542 3079 4272 467 9835 7721 8443 9445 5745 5676 1991 5634 7295 8304
22 4377 4984 3947 2036 1902 4331 3867 9584 8916 3416 8539 154 6525 2081 2066 9178 804 8683 7892 3256 7476 7904
21 1097 7028 9543 1201 7209 775 397 1470 7620 8591 8673 3553 5754 2028 270 3423 5469 58 7165 4568 5461
21 273 3596 3866 1628 7692 3098 6930 7407 490 889 3495 4715 8528 6224 1661 8208 7696 7073 7281 6789 9281
21 9679 1228 41 1792 2482 2640 5792 2086 2636 3293 7944 1945 2336 9448 3937 7257 393 6573 3113 8083 9532
22 6783 7114 1955 8868 5495 6374 4834 7900 6696 6609 3406 6033 8498 7258 5492 4427 9885 1085 8168 1892 5029 1410
21 5440 1630 8346 4613 7253 3940 1480 4924 6708 9136 3078 3813 96 3151 1103 9745 9007 3128 6715 1909 5415
21 9003 5615 481 5511 6814 4664 7562 8051 7392 5061 5512 6149 1187 1196 9728 861 5096 9971 8879 4057 4865
21 3444 2944 1010 6000 7840 4792 9612 8446 5353 2595 3489 8247 1596 4341 5414 971 764 8797 5342 3791 638
21 4059 7398 8309 3616 751 1109 5356 7920 6389 6167 970 3437 8651 5109 3357 2968 6074 5010 6968 794 3723
21 6815 9935 3092 1326 1079 9177 8645 1282 3328 9103 4168 1057 9060 888 7970 7431 1374 6108 8452 8674 3589
21 9752 4781 5748 4107 3636 4344 8075 6808 9155 4988 6617 2274 6637 9050 9551 345 7833 54 7563 447 6470
21 7861 5948 7631 640 4704 772 9288 9208 6821 37 9902 8495 1017 2471 9399 4095 289 2629 188 2286 9374
21 5769 3409 8338 7442 225 9948 3974 387 5278 9671 7708 875 3582 6351 5297 236 299 9296 5150 7017 4281
21 8477 7889 8382 6474 531 1169 9952 6386 1715 4722 6442 3961 1477 7480 6095 8514 2435 491 4901 9811 5198
21 5086 3148 1142 1963 823 5576 4089 9082 2548 5004 1649 3613 9969 9807 3933 8269 1739 6368 797 7772 4047
21 8518 1492 6410 2967 986 7425 5452 9724 9607 7009 3763 1502 9786 6937 8472 3302 6343 7606 7154 7335 9915
21 5445 3575 4421 6392 2937 9858 425 1198 4675 1720 5956 676 3361 4748 5755 717 7739 844 6944 8612 9673
21 7070 2641 6836 1873 7759 9647 4828 7712 8017 9593 7531 7605 9039 5633 9662 2182 9124 2144 2836 5889 3503
21 6263 7993 8351 3191 5662 4696 6962 3765 9361 5929 8129 4280 6126 5807 4527 4422 6195 2877 6323 1290 4319
21 5934 6135 4848 2261 1686 9364 5835 1392 3592 3241 1116 6318 6180 4933 8005 3720 966 7953 4759 1894 702
21 9305 9347 2566 5668 1496 4366 7564 3044 9994 8177 5167 8729 2708 6568 8012 2392 49 7051 6461 1573 5538
21 9707 3540 7637 3966 3493 921 9632 929 4893 2024 4947 2256 1025 7550 5774 2792 3415 927 1148 8888 8847
21 5299 2942 6669 9164 3993 4384 5564 8026 5523 4590 7260 6697 4389 5936 5893 5788 8716 2145 4927 796 4145
21 3607 1406 3462 4705 9341 6251 6832 2809 5692 9498 4032 7619 6827 4719 7514 1445 8100 7717 6088 5592 1304
21 9313 3826 5757 5347 1845 2362 6367 2272 6290 1345 4464 8165 7449 2232 2638 7756 307 1619 1195 7131 5225
21 9976 7180 7546 9625 9065 6132 2525 3450 3606 1383 4710 7974 2587 3706 6551 1242 7121 4968 3172 5865 2586
21 3549 9449 1995 1272 6261 7216 7532 163 8007 4075 2563 7327 6267 7306 6992 6976 650 6005 6627 5176 7720
22 6695 2536 3188 6771 6402 5952 578 4449 6684 5880 7626 7313 8039 2158 3306 6049 5257 5685 8320 587 8337 3617
21 9393 9473 442 9511 4986 2291 4800 6437 3121 8074 7999 1885 7238 5759 5266 3268 4542 5024 7166 8654 8622
21 4758 1323 9144 7698 3082 6618 3798 215 6743 6970 1597 2311 1711 5261 5085 9777 1662 8724 9454 9214 8201
21 1335 4546 7465 7690 6966 8412 4355 2184 3894 2580 2950 7397 7855 4822 8322 1575 4780 2703 8607 3656 3749
21 1867 4428 4624 3840 552 1537 1302 280 8261 5651 545 2186 8776 1971 9603 1161 3745 6096 8279 1935 3741
21 6822 4387 7249 4003 9710 4256 7569 7727 4711 8755 997 1824 6079 4362 5231 8655 4928 3971 729 3719 616
21 7429 8302 9045 4869 9202 1189 6344 8444 8105 5767 6414 1053 4847 2676 2953 747 2080 1403 3780 1354 710
21 3156 5113 2539 6634 4171 8652 8506 5462 8150 5249 3101 8438 2010 9053 988 5641 4908 8861 5563 4479 3386
21 3629 7471 2904 1601 8367 4503 4491 8511 7749 1624 3962 9318 7160 1446 6797 919 6065 9555 5834 7123 1633
21 5300 9402 9628 6550 1733 2320 4895 5878 2319 1275 8299 7966 577 903 6586 9931 5787 3671 1972 2540 1705
21 1273 4260 2642 5351 9429 9655 9228 8851 4096 2109 149 9395 2871 6561 603 7593 5750 4383 3238 3928 7375
21 2316 7129 8835 9557 3477 6805 1309 7654 6235 90 5904 1444 305 8954 2306 9217 9622 4401 9494 5449 2848
21 2883 9090 3368 9450 5036 3345 9516 2622 8551 714 3686 6811 3935 1401 9332 3175 9439 3797 8138 4332 4158
21 4307 6493 1363 1508 9135 9481 5824 8659 1199 8067 771 963 7175 8771 2363 3882 6358 5316 5737 2608 8202
21 9799 1512 3779 2570 1355 1846 4775 9319 4357 1499 7177 8314 2988 132 7067 2249 2460 5439 234 811 8874
21 3307 3651 2780 846 4615 7808 5514 1466 2444 4747 214 6754 2282 551 62 2588 3950 1120 443 7881 2544
21 7040 6457 4502 2167 2781 9263 8058 7857 7750 6820 8669 7107 2555 358 4178 2849 5399 2259 4741 9918 3097
21 1757 6199 730 3783 7785 3062 3909 9441 7502 9816 4188 515 3401 8944 5707 1517 5773 6534 7834 4931 4716
21 6670 1984 3354 8772 4764 6082 1048 2264 2526 8725 3979 6823 521 8172 416 9417 1279 602 8 9311 5412
21 2949 8458 6338 1729 292 5579 4623 2829 1420 6436 6308 5966 9825 8522 9308 3407 4303 4998 3522 8519 3562
21 1315 4414 8157 2639 9037 4371 121 7414 4330 5694 2344 634 34 4614 8985 1766 9692 5846 4752 4683 3458
21 1543 8024 5507 4020 4749 5951 5995 1791 7935 7326 7016 7543 3342 3217 7841 5236 4702 3715 6147 906 6439
21 8703 9649 4980 8791 4021 3759 2270 3469 7566 6629 7734 2785 1632 3506 9279 3100 8386 4728 6955 9599 6997
21 5192 4706 1276 6984 6101 2667 3421 6751 8764 5786 6205 4801 8050 628 1274 2223 2450 7989 9850 1472 6613
21 9847 7116 3510 935 6024 5660 458 1598 3772 122 3016 3521 4526 4827 6835 9271 1759 5224 5937 7824 3812
21 7401 3640 2198 6739 6648 2377 4871 4111 1317 5587 7351 3379 2012 1916 4671 8765 5095 1347 1287 3984 8870
21 2135 6658 1524 6567 607 2753 2220 8562 4539 9955 1072 4517 114 8117 7774 4294 9260 7489 9876 3591 9770
21 5424 8209 1804 3114 9209 1443 1179 9303 7823 9205 4265 9233 9017 9437 8733 4193 6010 5401 5388 1772 3279
21 6115 4959 409 4666 8937 5622 3228 1638 3574 4809 731 4423 6337 2226 3581 5276 3260 296 6981 321 2876
21 2917 7862 1564 3270 2776 7010 4989 1393 9908 3377 5552 7832 6532 6841 9535 593 1173 7964 1570 9577 2724
21 3869 4208 3991 266 5584 4130 1476 9694 7796 9706 6891 1163 632 2701 8677 3941 4896 2598 669 1207 7825
21 117 4885 8784 2056 9751 4327 2415 4114 9785 2596 6714 1782 7155 4954 3998 8658 4375 5749 3327 3012 8210
21 222 4693 3396 9743 7847 374 1912 5221 4038 7529 9080 4870 124 5795 2750 4534 7192 3143 3836 5988 3880
21 7928 7704 150 9657 3190 9539 3621 4921 10 1988 1629 9718 6372 9699 3658 664 4508 5148 8735 8508 5629
21 4071 2079 1223 511 4024 8761 5076 1891 8960 8492 8361 3483 3004 9285 9587 6826 7083 937 2961 5931 1139
21 8292 5358 1218 5732 6886 4123 6882 8148 2438 7507 7454 9447 8732 6227 5153 1506 2046 4324 1544 8825 3588
21 6807 1773 1200 5303 7548 4497 5031 2281 2737 1870 4430 5921 6215 973 5843 1049 5146 2550 4600 4820 9906
21 7957 3196 419 3445 4645 9809 4971 3854 9330 8621 2644 4097 335 5680 7473 6653 2301 900 1966 4311 4186
21 8731 2357 6202 7787 5751 2924 193 3561 9778 4312 7106 4745 5336 681 5989 1694 1128 4354 8311 9721 5404
21 9619 1593 8224 8614 9180 9075 7048 1639 2713 2139 260 8317 7656 2860 7033 8942 2114 5840 4364 5476 3032
21 3855 7320 209 8079 2033 5803 4653 808 7004 7570 2414 1171 4765 6787 6599 7426 1112 5204 7831 1919 488
21 1138 699 975 1777 2207 8860 7503 2612 5999 4489 859 5525 6667 5945 3019 8899 8707 131 3126 9937 9766
21 303 842 6711 6903 896 4617 1779 2841 8212 8705 3750 8108 9188 45 8358 2763 5327 6335 2623 148 8947
21 9325 2166 482 4602 1886 1081 3429 1810 754 6171 1964 5175 6400 7670 5726 2962 2734 1278 8838 8123 8215
21 2559 5743 3263 3026 942 1474 2702 7931 1980 9142 4567 9683 6385 9108 2891 228 9294 3095 4240 1878 5877
21 713 6110 8040 1252 5766 8243 4397 8125 4561 433 2634 9111 7591 9034 9125 7324 3460 1813 4424 298 5504
21 4894 3208 7602 2352 9678 2884 6156 2804 2042 6444 1296 7797 1717 5594 3131 4676 9984 7184 6246 3218 7937
21 372 1013 135 3420 9617 1062 5550 4642 2137 283 1926 5870 2772 7030 3695 9502 7283 8790 3637 4951 2276
21 700 5818 9696 3319 376 3793 9950 2366 7205 8961 5002 250 4336 6395 9414 6489 3015 706 6782 5046 3204
21 6831 7198 6255 210 3958 2505 9077 4456 7178 232 3130 6906 7961 3834 3177 8894 8866 1497 7424 1254 181
21 3167 5875 7236 8085 422 9159 9833 8491 1967 4591 6604 8252 8930 7910 9857 8036 6417 3819 9499 1137 8949
21 961 3951 493 4115 9537 1346 4714 8662 7148 6682 3832 3738 5605 3387 2146 630 1788 8849 8580 3185 9970
21 2061 5491 8440 4297 3818 8560 3946 4892 6138 4443 8855 5349 7571 8846 9500 1881 3872 1680 4531 8424 2818
21 7657 9128 3830 4973 8194 2360 1429 2234 912 2437 3233 8015 745 4708 9365 1126 9746 7343 5753 7042 6099
21 6706 6849 9874 8989 6809 2652 2043 8502 670 5364 242 7598 7738 9093 9149 5613 7484 9211 8404 566 8301
21 6381 9052 6003 8681 2105 4888 7724 7305 4002 7007 1999 5195 3412 3815 7667 3063 869 9596 1060 4350 8535
21 84 8020 5425 1460 2434 8970 1872 3761 6201 4805 9331 3920 2971 4176 8455 6892 3922 2310 1898 910 4122
21 3055 9852 8434 6498 6871 9900 3895 8901 6292 8993 3674 855 5905 8417 6040 9008 6390 7977 8429 6465 2998
21 1560 9137 8902 7883 3435 5238 1643 6566 3948 728 2740 195 8241 5022 4480 4287 4083 7136 1141 7157 4432
21 8640 2838 9631 318 8118 7933 8687 4147 8598 8833 6854 3336 6162 7443 2050 7487 9814 5845 5443 4277 4799
21 24 8158 457 3972 646 8990 2867 7488 724 7879 7582 500 4960 1730 2001 6954 6611 5130 9711 8923 4292
21 920 1113 2399 6454 7386 1553 286 2910 7266 8693 5274 9181 4817 3598 8497 2488 5251 2170 9277 3535 7410
21 4143 6747 8521 2382 4485 514 7271 1541 3547 800 261 3244 1621 5199 4609 522 1133 8089 9669 5714 1808
21 3555 3257 2973 6703 1324 7941 2065 1748 1424 2213 3856 9616 3452 9261 8859 3600 7349 6693 7702 6595 9398
21 541 7020 7314 4396 5433 9132 7207 5901 5073 7819 1567 6117 8045 4425 2168 1877 7597 1234 5055 5458 4268
21 2356 627 5285 4657 8273 7811 9912 3811 4378 5104 5482 8258 591 3164 9715 4444 1026 5368 8385 2408 6453
21 6901 7230 502 2031 5050 1862 8296 536 6605 3595 2190 9218 1851 4655 5940 3189 8295 901 1191 9635 9172
21 1515 9685 1994 4137 2696 9458 9822 2938 3115 6083 6707 9350 4395 569 1238 5618 9465 5178 4267 1677 5063
21 4078 2538 168 497 9923 120 5323 402 6779 1387 8127 9327 5863 7336 9016 6394 5644 5499 8482 8701 7189
21 9675 5990 7248 9524 3721 7134 4163 7949 4224 2175 1340 8003 2728 8592 207 5549 6136 8602 7409 8690 465
21 3442 8055 3875 8796 1587 3205 2115 2607 1688 909 1078 5805 5483 5761 2127 479 5836 3369 8043 8044 2070
21 55 2714 5541 1684 9033 9561 9526 3231 1946 7288 8143 1933 3684 3318 5177 7170 7706 3349 6051 4790 9916
21 3253 6558 7580 7685 9546 990 2107 7389 7763 3212 8841 974 2267 5114 6781 8802 60 5839 7568 6154 7813
21 2576 5237 3490 2132 4555 2797 876 6106 7149 8516 3568 7273 9389 1498 1063 8723 1490 8943 4976 818 4042
21 8329 8376 7574 5779 66 7315 4638 7334 399 5600 2017 1976 6091 8041 3678 2574 1390 259 4157 4286 5953
21 6412 9974 6265 3047 8615 3203 2054 5301 7754 3154 4663 4631 1990 3764 8405 526 5831 9010 1925 1293 1006
21 4346 8435 6765 2250 1281 6283 7234 2248 6056 5292 3841 6859 1839 3419 6071 2811 3280 2103 9095 5876 831
21 3580 3990 9926 381 8642 9101 4677 2468 3645 8169 547 7072 5035 6632 4215 6796 4061 1731 9123 4261 7467
21 2247 5112 5540 2338 7901 4045 7764 4014 4718 405 2398 4076 1375 6555 4306 8625 8145 5833 1084 4490 9638
21 549 1860 3105 7382 9475 178 599 7594 3039 1130 1291 6286 2378 2317 5918 3899 5162 421 4295 5508 2755
21 4090 2791 9633 2041 9375 7344 7915 1924 255 3893 6130 6027 7299 5215 5588 5673 7307 3422 8897 327 9430
21 6198 9452 4920 1863 2217 4195 2875 5959 7918 6908 6137 5852 2350 2496 8065 8839 6770 7202 4393 1522 685
21 5885 3311 7572 267 645 2314 542 777 2614 5992 3796 9674 2354 110 6109 3033 5960 9668 5545 8538 7460
21 9523 2748 1221 5627 9410 3746 1259 3782 9508 6862 5778 803 7201 570 3226 4183 4519 8218 7215 5318 3825
21 3988 789 6360 6446 2919 3532 6909 1096 8268 7807 9029 8336 1183 2803 1244 7481 4994 2993 7228 6935 8862
21 9140 7451 3426 9345 8403 9928 6121 8134 3340 5704 5558 3777 1856 8084 2347 7559 7803 4257 635 2322 8740
21 4637 4437 4246 6645 8671 4119 7573 1264 6488 3053 385 1749 4370 2387 6957 1437 1600 1837 2100 8374 224
21 1005 7104 4299 8059 8191 244 3862 5040 6375 1783 9091 6478 7925 9315 8255 5337 8501 1585 3046 6917 4592
21 375 2899 4225 656 2551 7169 5967 1203 2808 6816 4369 6174 5585 1807 1577 9426 3431 8095 9909 1823 3313
21 157 7512 4255 5756 3124 3524 3499 5188 9884 5872 7405 6289 9565 2029 4488 6028 5544 6250 5159 5939 2169
21 2869 945 3073 506 2585 4756 6067 5329 2945 6326 2299 996 8922 9695 9126 8467 2925 16 5047 6931 8331
21 7956 5744 4064 8653 4880 1101 5632 5725 2037 7781 3747 3916 2047 4030 2727 7694 6702 176 7303 4160 1056
21 5716 5060 7243 6503 85 444 1297 9167 3977 4825 6008 8810 1906 6554 373 4466 6107 1683 5647 8526 2134
21 3103 166 6718 3542 8609 629 4944 4532 9624 3139 9780 1572 7752 7265 6852 8880 5935 5735 5434 4735 8885
21 8962 2006 7666 4028 2178 1436 4866 9141 2078 3392 186 5568 8196 6661 9063 882 2830 2193 5505 4220 3478
21 3371 3160 3411 6438 7245 3622 883 1603 6888 9716 6061 6790 7893 8754 8408 51 3978 6177 4273 2227 9608
21 7929 6924 7430 8682 9842 546 4498 7381 4264 2116 4359 4461 4946 4254 1360 9953 204 8380 7138 1939 8147
21 1992 5393 9830 35 8742 1523 7370 6443 2151 9643 9470 5655 5165 2484 4116 411 9013 7008 8541 3688 9533
21 9283 4223 1421 977 9981 9962 6179 6120 235 1471 2719 4036 8286 2466 1540 8635 8454 5044 7112 8884 5606
21 1776 6150 4815 8747 7663 2045 3305 7793 9006 2960 6025 1622 7890 6671 8781 7213 2094 8487 4977 9146 9726
21 3149 2106 1267 8575 2304 8981 2547 2513 2498 7538 6798 7976 5132 2778 6732 8964 5066 6057 8633 1204 1343
21 4058 1635 5282 9492 2771 6716 8214 4566 4701 5016 5785 7608 1124 3730 3716 8267 3727 2914 6151 7356 5665
21 1664 3459 4673 8128 8882 4699 1197 355 8721 279 9630 5217 3074 3223 87 9069 143 9653 1052 9545 7115
21 29 2784 3083 5711 1232 1985 7339 1960 5442 239 4454 7419 2816 6388 167 8132 6153 3931 6052 707 6260
21 2020 4537 9030 2600 9761 3839 2842 4019 9479 434 2632 7875 9591 226 1742 8608 3886 9493 5874 6242 5895
21 5868 5510 655 4806 8951 2011 3851 4085 2452 2861 8779 738 6530 1975 1691 7181 3275 2594 4522 7450 8350
21 6961 7553 9890 9620 6643 4356 4907 1389 3174 3902 3010 1941 220 5987 5081 5190 8753 5688 652 7235 2376
21 1833 7329 6029 2442 7203 4477 5567 1568 9998 4890 9212 116 6510 9991 9529 8924 562 1129 2185 9753 9796
21 9563 2788 9286 2916 3194 3122 7770 3372 6920 8166 3968 139 4334 5194 9491 2704 8321 9567 6434 2342 8131
21 1888 5858 8207 6563 9134 3623 1589 7998 4562 9709 6612 2494 1996 2331 3158 1258 6545 3787 3405 4606 1559
21 1353 3170 1640 4291 7882 4872 3691 1539 3339 5981 449 5522 4222 3497 4627 7826 1617 8313 7565 6559 8414
21 4150 1024 326 5012 5853 5116 2885 2141 7065 1714 7076 2991 478 1707 1483 4108 3002 7880 4451 8552 4955
21 7399 8586 7086 2077 6270 9408 3314 3476 9022 1394 6176 1965 2085 1243 1760 9942 2865 2833 9024 9558 4662
21 4842 8459 956 9002 1835 6587 8407 1176 4055 5308 7735 4360 1451 9367 1608 7917 2165 3343 9215 8594 784
21 2912 2123 2690 5234 1352 6013 4293 9592 936 5032 999 2567 1769 7247 2475 123 2823 1043 7151 7623 557
21 5693 2963 3603 6430 9262 9975 8266 6041 6064 5537 4351 3283 6314 9618 8769 8983 9432 637 845 7053 7795
21 8406 726 9869 32 2831 9070 1117 4209 3454 9917 9148 8680 8181 8734 4146 2005 8623 8162 6993 8199 7069
21 5341 8699 2495 9190 1215 1168 6746 6140 5042 3009 9877 2685 471 4342 9088 3084 7369 7310 165 3559 6349
21 7141 5034 2425 7434 6512 2810 2164 1787 1876 103 4647 5739 7728 8912 1712 5354 1398 9467 690 1210 8957
21 474 5359 5954 7337 1294 3646 3146 4667 4843 9113 6608 28 3599 1249 1091 8180 3626 3681 1408 3229 3492
21 2695 7357 2782 9018 6537 396 7221 2057 2332 6578 4632 8432 5186 6144 785 2807 6933 4612 8619 5408 7404
21 1528 9996 2605 4101 853 4227 2174 6243 8400 4547 1690 5882 6054 2572 418 1987 7617 8636 4778 3069 3528
21 9084 9768 1313 9512 4595 5374 6268 2901 3182 8524 9348 4529 3481 3668 9413 3814 8919 6876 7391 5098 8704
21 9216 7210 2147 1465 4541 7309 7474 5630 3992 7298 2996 2254 4001 287 6232 9197 9922 7618 86 1758 4103
21 4379 8629 615 3906 7912 3373 2565 2241 689 2325 3235 6490 1673 1957 1298 1484 410 6445 3571 2839 9304
21 2986 8021 565 8034 6272 821 9837 7120 6730 1468 1743 1068 4849 5574 8794 9719 5617 4134 9615 73 5776
21 585 2512 4153 152 8597 9357 5770 9192 678 5565 9269 7124 4505 5823 6092 4504 746 4729 3781 3284 3120
21 6228 9544 9297 8042 8176 3904 8533 9849 8741 6863 4902 2093 7333 1270 9099 5037 9689 4189 5896 325 1646
21 5406 9246 4875 1175 1046 5279 5219 7222 4219 4906 3391 3878 868 1648 4037 7544 7509 6045 2880 406 7700
21 583 1651 9845 8530 8555 1725 1004 3295 3573 732 53 9957 8002 4448 9404 6408 6209 1452 5463 3023 3959
21 8559 1194 825 4938 7364 252 9720 5163 7262 17 4218 6528 5196 829 6964 4577 4556 1288 9387 5637 5723
21 4435 8713 4703 856 161 4398 5070 8193 9378 9583 2358 1351 4579 1036 468 5822 2689 436 3335 1718 9117
21 5717 8290 4761 4587 8529 1644 9729 7967 692 9554 7886 6738 1678 7470 3094 3932 7888 8648 4554 1962 976
21 3281 5746 5777 3615 2613 9062 1338 275 3925 4093 5421 7958 5270 5286 2647 7204 4367 8468 1958 7586 3277
21 7952 902 4154 3022 4205 9731 7691 9300 9114 2159 6565 5963 6666 3649 7084 68 1903 6229 2610 7011 8556
21 4494 328 428 5783 5674 8617 5879 15 4533 1702 9193 9400 3881 3087 5013 5283 3106 7577 3304 2096 6479
21 5304 1489 1177 7277 8259 6579 6865 6848 5154 5529 8513 8439 7838 6918 6084 3744 2307 3184 5248 4911 6494
21 297 5487 8915 4957 1349 674 1716 319 1396 2955 5575 6679 7973 5938 3456 2067 6496 1809 70 1082 1569
21 741 8449 5699 1222 4786 3393 9073 1979 5247 7560 173 1011 9518 6500 5703 429 1149 8488 9025 59 4530
21 7640 9595 5120 7190 6078 5457 9370 8186 3267 238 3152 1371 8531 5363 7526 4447 6435 1425 5798 4140 2208
21 5598 9463 9011 5054 6280 2260 2921 4104 5092 3150 7100 9425 6588 5542 2369 2446 5867 2767 1744 3911 1722
21 445 9087 3602 4141 8030 175 1069 4550 7440 6122 9967 2522 2367 2820 5321 9005 1665 1654 1961 8770 1038
21 3564 6752 1970 9314 2732 9133 5451 8799 3316 8415 9162 851 621 9892 336 269 7251 6998 6761 7459 5244
21 6952 7082 2074 5621 7256 7761 1532 5386 4543 9988 1857 3353 8392 6531 7981 7348 265 9189 8372 6750 7059
21 9207 8979 8588 6356 9889 5045 9611 3271 2218 8601 4804 3545 334 8660 6100 2194 6700 3871 1826 8098 2664
21 568 3329 7255 3680 7636 4213 544 2246 618 1921 9863 2552 6860 1083 4462 3162 2604 5731 9058 424 2049
21 3025 2520 3017 3594 1441 2675 847 7614 5559 1914 1519 9730 7439 7908 6640 6673 7959 667 9782 8941 5571
21 734 1090 4285 7668 6639 8300 4634 8760 9333 6522 6763 9597 7578 3153 4680 6341 955 7413 9977 5230 5174
21 8395 8848 4349 2787 6570 871 2898 6223 8383 1075 3300 3577 520 2328 7225 1044 7676 8717 4641 5280 3850
21 4495 2436 9640 7884 8037 6163 8603 8826 9085 6542 2068 8427 7852 2111 4943 5423 5932 8925 2152 778 8543
21 1040 3067 6200 2333 1263 1325 9992 6253 2051 2189 4578 4289 2895 8757 5884 1507 2976 4841 7896 5790 1378
21 622 1530 3334 9116 6967 4724 1710 2601 6726 256 4874 4039 743 4386 9713 1185 8238 7374 1213 1341 8934
21 7561 1734 69 3036 3802 5405 4046 5708 1328 7024 9442 6219 9522 8388 6934 597 4610 5311 6664 8808 5108
21 3471 9401 4080 3583 9127 7456 9896 6596 2390 8933 914 7848 9762 5319 3996 2987 7412 8090 6569 7524 2858
21 2008 5856 3200 164 2930 2275 4594 586 5133 278 9651 217 7652 6623 7144 7074 308 6273 2940 6087 3969
21 2941 6877 439 2799 5375 2395 7822 4266 6240 4979 8532 7786 8907 5315 3125 834 3914 371 2136 2243 3021
21 957 3384 3816 1647 1762 6237 9844 8926 8540 8750 5357 322 5468 4182 407 2725 2564 3945 455 6210 9536
21 3239 6884 7876 2982 4607 8909 9264 5519 683 6858 2084 3013 3639 3171 3954 2746 2888 7722 2073 6257 9329
21 3743 8739 5090 1557 6896 6737 9701 1679 8289 7062 2611 4165 8668 4923 7495 4179 1419 5003 6093 8001 2509
21 9979 4170 802 2686 1631 2108 9226 1612 9783 1217 3939 9725 1237 6759 6624 7300 1825 469 9369 6405 5543
21 5381 7846 5566 4658 2817 4552 716 893 7091 5139 5733 7969 6709 5200 6354 1127 5459 8216 5923 9700 9573
21 4882 5572 9382 1667 7411 8694 7903 9001 2154 1761 6204 4674 9204 6690 9098 5246 9340 3035 6032 5547 7472
21 8675 8323 718 3370 9242 9964 7817 1934 4440 4217 7292 8829 9598 9932 4797 8333 4967 3762 4649 6458 4120
21 7877 9851 8146 3807 4593 459 8014 6641 6406 2532 414 7377 344 1032 3034 5467 3771 2936 1599 2862 8113
21 1735 9691 8285 5539 5866 691 1692 1981 151 4190 5220 6758 3801 3980 205 654 6621 5395 8363 9834 9476
21 61 3758 119 3220 9576 8984 8505 4981 5804 5102 4092 8676 2183 6878 3309 6440 4791 8503 2847 5758 3619
21 8840 7891 5212 2577 9972 6359 8945 3075 1767 958 877 7447 8778 3467 6369 1184 221 8152 2794 8163 464
21 8950 892 3108 7710 6580 115 40 4406 9230 6983 3159 253 4514 838 1157 2625 6936 6631 2133 1306 2897
21 6649 4511 9947 1755 5043 3261 8510 3007 5583 9534 7331 9946 5427 3711 1765 2372 9660 2210 3390 8898 2273
21 6541 2928 6125 8831 4403 2527 2948 6134 3501 5640 6874 1164 8927 8465 4253 2692 5151 8893 4996 759 8122
21 3457 7117 1997 7034 5695 7558 138 6921 8646 4316 7798 3213 7584 5078 8712 2472 4210 2554 5616 1653 1020
21 1978 1852 8637 9464 6336 2543 8953 953 93 4770 4512 227 8972 3132 7038 4545 6302 7297 3687 392 1659
21 8420 3424 95 7686 7732 2368 352 9000 4106 9225 8569 2365 3659 4932 7421 3040 4551 4563 6112 8641 5697
21 6724 6068 8823 3414 1152 5400 4353 3757 67 9571 2700 6620 5827 6980 7139 2853 4180 5820 2697 6840 3631
21 9581 2143 5516 7934 8876 3165 1348 8550 3282 1047 8873 972 9122 4975 6867 5185 5521 651 1488 3110 3020
21 8728 9306 5017 8768 7856 1211 1417 7987 4486 4978 7549 7982 2199 8604 6037 9145 312 9168 431 170 5842
21 9411 8104 9487 2731 7162 9222 1299 3127 695 6574 8863 968 2832 2800 1080 4726 9703 4445 3400 590 432
21 4214 3029 4507 9071 6893 649 7422 4343 736 6505 1283 4560 7675 337 7828 6828 3995 9656 5485 1456 8019
21 9020 1100 1233 3112 9276 7633 9031 1012 5268 3137 534 4234 7360 5677 3800 7485 1059 1641 749 5179 7368
21 5902 2711 5887 3740 7479 3531 8033 9968 6059 4660 6776 4740 162 6646 6723 1028 9434 3533 5373 2902 3346
21 7119 6159 1904 1797 633 9027 5123 4167 9407 6105 801 4571 4650 1829 2723 9243 9223 9787 4252 7133 5072
21 2429 4200 4050 5156 559 6491 4884 5481 9247 8616 8813 1671 5590 9961 5328 4284 4041 2843 4883 398 5841
21 6456 3138 9769 5678 5690 5193 8638 4856 6824 8025 3912 7616 5339 2918 3187 7279 3287 6788 7057 6104 2300
21 489 6851 3717 8368 8379 2209 4062 2104 543 2854 5943 4102 7396 3726 450 7054 3322 3612 7996 7714 2508
21 268 9191 1959 4656 704 3785 8610 2052 7587 1850 8763 1535 3823 4581 7644 5555 1467 8877 1454 3480 1134
21 9626 5654 1830 611 9165 8062 4236 6681 4651 733 8992 4684 5288 2255 8853 932 2013 3529 7751 3611 8948
21 8342 6786 332 2181 5628 6172 7592 9433 2341 8903 5183 9423 8905 574 5612 9606 8222 7163 2656 3724 6185
21 2278 2426 3795 7232 348 1110 9438 9324 9150 6785 1920 8887 2403 7022 2002 246 6606 9775 3042 7744 2530
21 580 271 3544 1627 8804 7837 9882 6864 6926 7615 333 8387 1505 4110 528 4859 4399 7026 4904 6748 4891
21 610 6740 7870 6398 4854 8272 8664 2402 9023 9163 8360 4974 7294 6254 3192 4434 1812 7842 9818 795 6127
21 8179 2293 7446 9042 1331 8220 9074 4086 924 386 293 4850 1548 3769 7919 6275 390 756 1983 5084 3889
21 1993 3024 4686 9064 4990 5310 2121 3285 8650 537 5675 8347 4513 7858 8639 6731 5407 8371 7968 4013 6342
21 3692 315 7874 8236 7916 6476 2958 6642 527 4997 9704 5796 3700 2569 3303 4283 5850 2211 6080 6271 8850
21 7799 4648 9104 9171 2653 9272 9054 3474 5464 1516 510 4831 2419 3804 642 4589 7079 9486 6576 7758 7093
21 6361 2026 6942 8940 2160 6279 7361 8072 1591 1073 3484 5524 2239 8457 6766 4288 3003 107 3965 4054 3289
21 5161 3572 9385 6141 9035 7445 6426 6181 8160 9355 3359 2662 9959 8643 981 5791 6598 5239 7719 5848 1150
21 4687 1674 839 2651 8973 7301 2972 7231 7462 4881 5052 8013 8496 2101 5671 6097 6773 6685 6676 1001 2163
21 219 7792 199 5107 7276 8869 1248 1774 3550 4789 3331 2389 2974 6549 5965 3071 1202 8858 7906 8185 2658
21 3030 3891 1908 2140 9068 4879 979 2909 3753 517 2364 7328 3897 5826 7639 4757 2643 9336 1576 472 1285
21 9187 7428 1518 7380 3784 7907 1820 6451 5180 6043 4597 4322 1687 7105 9343 5450 4269 4611 2457 1055 247
21 9291 4233 5829 5503 159 2072 516 4734 6939 663 5849 1449 3590 9893 3048 9391 783 4570 6035 3679 1300
21 2313 2422 8816 4409 7477 2602 1008 9838 7791 9224 3551 2712 1151 2022 1675 7338 1868 3417 6978 1542 2225
21 554 9920 435 6615 2661 1937 9980 3308 639 6339 812 7302 4816 2801 5781 4129 1219 4785 2280 8057 939
21 4788 1689 6420 2663 8151 7729 1045 7806 2345 453 3237 7661 6938 3884 4131 4132 899 9210 9259 1226 7223
21 3693 400 7567 7492 7041 9963 1330 1875 8140 3011 6504 7486 2371 1089 2707 3273 5252 2637 8308 6241 1009
21 8204 9274 4720 9419 907 8263 509 8883 6231 7402 4982 5793 8399 1616 5144 4860 5209 6070 538 2609 2840
21 6424 661 8410 3566 2119 3247 8401 9298 9722 6733 4521 9665 8709 9161 8032 8626 623 3041 6792 8087 2806
21 4098 5466 9485 9477 4930 5100 7508 6036 8624 8749 5093 4262 1890 6295 8409 4458 7603 8282 6249 6507 6467
21 9698 8566 2537 1 2044 1412 2568 1461 338 1145 7583 2793 8318 2650 885 9339 7946 2583 1377 9831 5471
21 4066 3976 6128 2409 2385 6672 2156 4916 8692 5216 1727 8583 4524 5115 5126 8423 1231 401 2492 5666 9677
21 1866 5698 9815 5187 4958 7762 7493 2479 8460 4259 5577 1672 7622 192 6428 9875 4463 3792 8211 4553 3985
21 1815 8277 7554 4585 4966 6081 3754 6898 4777 6655 3756 5007 3382 3768 466 5290 8142 7518 3665 6721 5586
21 6780 7677 9254 1634 3215 7576 5001 8814 7077 8049 7137 8281 3144 9907 564 7317 8096 7437 9650 9878 4929
21 6900 4455 989 982 8298 5702 2023 2417 6712 1266 6469 7995 2655 3089 1571 8053 7705 6991 2202 2922 948
20 6160 5710 1655 895 8228 1098 8312 8450 866 863 786 7371 3383 6524 5028 3766 2098 8391 7311 9776
21 7318 3461 6012 922 46 1942 3997 1840 9110 8475 2789 3908 7590 6949 9905 7055 8352 4305 5455 6994 2813
21 7911 9320 2783 8795 1365 3181 4853 6391 1822 8811 1136 9866 5149 7851 7625 2014 9568 5460 9507 1579 8054
21 9901 9412 3066 7628 8116 5962 9911 5155 575 6774 3234 2687 1361 5438 6419 5127 2131 5011 5431 5265 3380
21 8698 864 2305 507 9564 1864 9553 9143 6810 6459 5728 9572 752 4081 1858 7660 8678 1350 5973 1701 1385
21 4056 4575 3585 9712 1487 2388 3157 3070 7701 4845 9661 5456 2303 4304 5740 7821 911 470 5855 4599 1558
21 5881 2975 2440 3398 1250 1521 6932 2228 1756 6486 1566 309 6791 6310 1122 6183 7478 3923 2814 9736 8921
21 8520 8715 6536 4245 7135 1455 1790 9734 3356 4407 7653 6429 63 1704 6330 8144 7885 9169 9589 295 3883
21 5027 1251 1986 2927 9604 5160 5569 5201 9302 2990 5729 8697 7060 2514 6278 1362 4408 1295 679 962 7986
21 2327 1030 47 9182 5082 1620 6727 8988 4473 1832 5722 5687 9531 4783 5079 2624 2985 9196 6212 8517 3643
21 8102 6168 1240 7211 2473 9156 8288 4821 11 3351 361 814 2752 9173 1404 6468 2827 598 3014 6016 3848
21 7229 9666 9105 8187 403 4858 7794 7865 2400 3625 5625 2545 2027 6014 3118 7955 2353 3520 7649 5900 3618
21 113 5500 8448 7193 4639 7805 2467 7689 4899 9185 8076 8270 2459 4598 7308 5871 2458 2683 6118 2819 438
21 9670 4833 284 5917 2665 5861 1193 2 4044 2956 8197 2351 5416 5488 6592 9854 9266 7801 6294 2130 4846
21 3667 2915 3512 6340 7665 7693 8316 6211 740 4067 9079 1696 503 2890 5752 9373 7416 9781 9717 1261 7036
20 6767 4935 498 832 5287 4270 8801 9368 7547 9774 8381 2739 2617 346 4142 9772 9690 8260 9756 4803
21 3410 2335 8536 2952 7682 1859 9623 2557 8307 1236 370 9688 2038 8875 1737 8752 8451 3441 5825 3514 626
21 2531 6455 2518 9872 6956 9812 7415 793 6366 887 8442 7047 5595 4961 1754 8515 792 5599 5446 9334 2627
21 6633 1625 5182 6575 1968 1415 7143 2082 8649 3447 8068 3960 4771 5397 7358 7902 9771 4886 2329 2410 7441
21 394 5189 9705 6538 5409 9440 1799 9379 9779 2994 9194 6175 2672 4216 3803 4010 4363 6482 6533 805 5501
21 7188 8426 212 3701 595 5014 6218 395 9351 4878 1901 6928 6869 2666 460 2870 9067 9960 1115 2773 5370
21 8271 2626 6473 761 4713 3930 30 2229 2535 1753 1827 9435 1329 8474 1039 9873 750 8666 7985 6817 1929
21 768 6735 8254 9738 127 8485 6161 6839 4487 1310 9244 8584 4917 5772 6383 4509 1952 4905 3264 8453 5859
21 5402 6741 4207 8955 7448 3648 897 6571 8063 806 2721 3630 347 653 3934 2262 9956 441 2138 78 8069
21 2774 3849 5295 849 9497 886 4113 2796 6378 8345 2892 9978 727 3563 7126 9051 1482 4918 7673 3892 2597
21 1724 8774 6327 208 91 1768 1104 3845 3661 4549 3873 2757 5832 8287 1556 555 3576 7863 7001 4133 6111
21 8213 3601 4558 8155 7096 2095 2766 7872 8126 6187 7646 941 2295 3485 2120 5447 810 5964 5494 3690 2117
21 7849 5996 7312 5656 7777 9151 8103 2383 3428 916 3352 3448 4201 6233 8751 6768 5429 3080 7537 5273 4243
21 4586 245 5955 6305 177 9424 52 6683 4457 3299 9886 8234 2097 9995 5015 8456 3274 6979 1865 5390 8700
20 6418 9985 3632 7922 8353 7387 5619 6963 6880 3045 8141 6376 787 7596 5454 8908 2521 5077 3712 5944
21 6843 9602 4807 4544 4605 294 6393 65 5472 2231 4694 3000 5333 6626 5142 4766 9697 7035 3518 3347 4241
21 3168 6304 5957 6652 300 461 2648 779 6728 9278 3455 9275 3888 4755 9094 5129 6421 108 9993 4348 8217
20 2507 2681 1843 6705 3775 2406 6905 7525 3593 512 1382 6471 496 3953 3653 2503 3627 3677 8327 9517
20 8509 3176 1260 3879 8785 8164 4784 4628 357 2129 2148 1485 6370 8349 725 2339 6007 9014 1951 1247
21 2828 5089 533 671 6380 5087 5684 959 7898 9337 6006 3214 3713 2932 8365 8124 7427 9371 1064 3064 7049
21 8587 8548 5663 2997 3970 6188 6460 6806 2504 5313 9335 6636 9344 5546 532 5624 5242 8384 2456 2019 6221
21 9733 4910 4826 5352 1949 6593 2407 8428 7220 6940 3142 420 3670 1811 1927 452 7214 4242 4812 2337 1212
21 1332 8203 6922 4029 64 2240 5074 8843 5389 1154 1932 2682 1578 8600 504 5560 1495 4310 82 7789 7058
21 6965 530 2497 7208 6313 1160 3735 501 2935 3808 4626 9594 9235 9032 1520 4298 7290 540 6881 391 142
21 1227 2511 4863 1910 5724 74 3859 9934 9490 5233 6332 6675 6660 3096 6760 4983 5667 9580 535 6819 8377
21 6044 2230 9680 1106 3949 6062 2846 1255 2959 4985 7718 2242 7945 9455 960 8114 9280 7350 2326 4678 8618
21 6694 7406 3050 2999 8378 353 4117 8225 8974 7286 6020 7541 2149 8977 2083 3683 2628 1301 5312 7731 1948
21 6656 5006 7323 3453 6989 1700 4787 3963 1029 3473 3511 525 3018 1413 8499 5897 7983 6355 2815 8375 8022
21 3697 7585 3605 3038 2802 3675 1752 8366 2931 1905 6923 5490 2381 44 3427 4199 8696 1095 770 5857 3569
20 19 4194 6069 9610 8324 4776 9881 1656 6047 9428 4276 1618 3385 9107 38 6449 9390 9061 4018 5125
21 8564 513 8133 4318 2745 7812 2206 3924 6982 1668 9239 5614 3955 2533 5800 6011 9676 7814 5536 8120 6687
21 5222 8574 2856 1977 1509 3133 4302 7341 4851 4251 3660 359 2699 2872 6508 6448 5229 2730 9739 6650 8900
21 1794 7319 3475 9538 8695 8686 7045 484 4518 22 2016 1606 7942 75 1526 3835 1086 291 3863 5819 9472
21 7293 6804 5920 6523 1369 4278 9859 3597 8470 4323 5068 1853 6328 7895 3243 480 6986 1969 1473 8178 5561
21 8630 9316 8554 5158 7278 843 463 1368 6415 1307 8931 4478 827 781 5784 1380 2879 8411 5661 6717 8154
21 6269 5369 7867 330 9684 3952 6379 3269 112 6778 4739 6802 917 9352 7827 6535 1698 9552 5961 9097 3134
20 2603 2742 6186 3116 7263 7555 3466 4690 4033 6552 4452 8844 7887 2579 1076 9898 791 4203 6433 343
20 8787 2957 780 3663 4862 934 281 6722 1741 4903 7365 5128 5277 571 6022 1549 8507 9446 8265 9990
20 7140 3865 7102 9819 6719 7604 3085 8027 1395 9480 7098 1650 2553 3642 4402 4743 944 1514 7289 3975
21 1883 8447 9951 1685 6346 3434 9482 4685 7394 2978 4232 6281 1950 5275 4707 8046 1486 9 2822 231 9380
20 4536 8462 6749 6985 5713 7515 3505 4394 1834 2396 7820 94 5706 2575 9841 6401 5736 9747 8008 6311
21 7709 206 4016 4035 8523 3609 1271 4248 3714 9183 701 8161 5106 1917 7159 2266 9057 3310 9220 1367 2499
21 7064 1121 6316 9179 7730 4969 5709 9157 5023 5986 2087 363 9802 931 4229 2716 648 662 5436 8441 5294
21 1879 5890 8766 100 2404 7769 6915 7384 4682 9384 9086 8280 6691 9174 1928 1895 1636 6943 7496 7527 3737
21 8783 4794 417 7092 9273 3099 4564 2835 6423 809 3628 703 2868 6506 8393 182 4956 5596 5977 3929 4538
20 1447 6296 6842 169 6422 7715 1504 9574 3470 4746 7418 3376 8461 1268 8818 7681 314 9129 4962 5293
21 6189 697 2992 3789 1239 2035 6925 8807 4009 2443 3567 2447 1457 8744 1798 5515 5806 5591 5652 4338 6889
20 4873 4112 6710 6182 2187 5009 1930 8136 4688 7018 9930 8889 7695 7 9040 8092 2252 317 9317 3286
20 3546 4109 665 6034 9195 949 3874 9790 7645 9460 1740 2688 9855 4271 2562 3486 1658 6019 758 3994
21 2424 6164 5888 9681 708 369 9089 6883 6085 1814 3446 824 2542 7185 2069 3464 9154 3180 790 26 5020
21 9820 6206 3938 6119 6009 5603 833 5768 6799 8656 8476 4732 8354 6050 8756 140 7044 2908 3718 2926 7784
20 3008 6307 7737 8112 2578 1475 6885 9362 5005 8593 9629 27 2257 5392 5927 4416 111 2113 2221 20
20 5227 608 7085 6026 5838 8800 4211 8743 2633 5243 841 4026 3198 404 6472 5657 2886 13 7002 5376
21 9166 9813 3554 2180 2076 9028 5256 9987 2205 7046 2348 487 7130 5916 4151 1366 1156 5489 898 2964 6870
20 2296 3104 3921 6357 9265 485 865 8547 5582 1277 7417 2584 4915 3109 4721 5814 197 1147 4897 1019
20 7455 200 1550 7494 560 4441 2192 4499 2268 1796 5396 1167 5947 8315 8011 99 4226 763 8396 1318
20 3049 4164 6409 7174 6213 7066 2397 2621 8976 9366 5157 1828 3943 2761 7980 5378 7938 3652 5058 1805
21 7810 6875 8803 1111 4017 2453 3673 8918 9139 4919 7099 5611 4166 2201 6194 5075 6895 4308 8959 5531 9326
21 5971 6155 6425 5422 9645 9388 130 2089 2501 4429 2294 5448 339 2469 5974 644 8235 3224 9560 7393 6518
20 6139 1588 3375 3051 7171 5526 6103 1907 304 1050 7179 185 7517 7027 1708 3698 4795 12 5232 2659
20 8878 4661 9562 6638 2394 8782 2989 5305 3907 4460 7723 4754 4889 1397 5056 9200 5435 6046 6073 2203
20 7186 7224 1503 3537 4034 969 7145 8627 5262 7217 7853 556 5355 1440 573 8355 8183 4731 6258 3586
20 6502 5517 2881 3057 5837 5899 8987 9240 2722 2947 8390 3332 2616 237 7963 5432 1726 1312 4446 5631
20 7435 5049 448 5642 5088 106 5099 3556 4060 4912 6948 7897 3059 1732 8256 9521 7669 2224 6585 3408
20 6485 8370 5712 2060 5366 9505 9652 1911 5143 1953 201 1373 5119 4999 8714 2798 2795 9484 8078 3857
20 3333 6004 6021 4372 2673 711 3799 6157 918 1065 125 7032 7240 4192 9973 79 8205 383 4185 5682
21 8086 3989 5686 9527 5830 2290 8500 1861 8775 4993 6483 6347 8966 8558 2779 3604 7269 5659 8865 1931 4622
20 8149 8328 8219 1102 5241 1595 6677 5610 3847 4459 9510 2873 4945 2826 8483 7539 2361 5413 2251 7766
20 9913 277 5892 5291 6089 6946 8928 4453 6234 4388 1719 1224 7168 1107 3348 9808 3250 7183 2238 7111
20 5343 4635 9757 2323 1745 8542 3584 7755 282 4368 1989 6131 9096 765 3558 3254 8657 9120 4296 8527
20 1407 4184 6413 753 8938 1458 1531 4654 3186 3494 8920 1388 5993 6577 3944 614 7039 2253 430 579
20 8932 9556 7172 1913 3364 9248 9268 7624 4279 4136 1493 983 8135 1836 891 2391 5269 2821 3838 2271
20 8758 2523 4410 5069 5913 3901 3498 6519 3877 171 3982 8812 7923 925 5797 7452 6334 2423 6492 8710
21 6607 1697 9586 4652 9846 4031 6178 2373 2859 6996 1604 1262 3523 6276 7992 1379 7241 9290 9241 2618 5173
21 2324 965 1580 7579 7043 105 6345 202 8291 7552 9828 6628 451 1657 9501 7261 6285 5623 1074 6291 6063
20 8484 9469 9549 1884 6407 1257 2048 6619 9941 5548 3242 1265 9323 625 4169 2529 2161 9646 1602 675
20 1269 8073 5620 7246 3513 8257 5101 4221 6353 5309 6803 7400 7868 7304 8777 8684 2219 56 1841 144
21 1838 6239 6742 2470 3418 4274 8691 5041 9421 6038 8969 2215 5111 9791 6929 9203 9427 5362 3543 9829 7173
20 5245 6192 601 9804 3290 254 7843 5208 9043 7505 6945 8512 2674 2427 9794 191 7978 1435 1462 1663
21 9405 874 8419 6196 1494 6331 8159 5411 3449 5097 6777 8896 3587 5873 7491 4333 4516 4691 7742 1547 5672
20 6529 9012 3058 8854 1181 9641 3425 9299 1402 5117 7551 1370 9059 5331 1070 1848 4972 1479 6853 2845
20 5727 4196 6245 2000 3117 4247 5534 8097 6772 7790 4619 5607 4118 904 5609 7469 836 8647 3853 2441
20 6654 9282 6058 2464 7745 4328 5998 1448 6861 2340 6513 2150 2222 9236 4926 7740 1728 4149 3093 7783
20 1414 9495 7000 5601 4099 6657 3394 4515 366 276 3397 6055 2517 6145 1607 8685 1938 9792 4506 6919
20 658 7975 3565 9832 5170 7629 4767 9219 4582 6897 6734 6001 954 9041 8706 7390 8867 2894 9614 5398
20 9046 3786 4088 3119 4400 3155 8413 2534 6953 1320 3776 1611 6812 6668 6947 4760 7268 5551 2312 9176
20 4948 6053 9575 6526 9742 3896 9823 133 5958 8242 6590 7800 160 5403 6487 7954 4995 6546 2090 6350
21 1637 8274 2245 1693 2126 4105 1364 6857 8872 8997 8283 9431 5203 7461 5775 7523 4861 9797 4049 263 4124
20 5218 9627 7683 2754 2386 508 5700 947 5715 2039 5419 5645 2489 2824 3240 7158 7395 9198 840 136
21 3249 8978 1500 3054 993 6659 3710 4472 5417 2756 6539 2485 7725 6557 4640 6720 4392 3898 1795 2516 7733
21 1170 8832 951 4940 8665 8644 9328 7866 8545 7743 2197 9958 2493 3440 1241 2349 4813 9793 5057 9860 8276
20 3245 7927 6352 378 1182 3981 890 5039 6312 473 8842 7322 1155 8634 5145 145 5894 1594 9764 1003