7 466 2871 5605 8928 1928 946 1921
8 4032 201 8126 9579 1727 6673 1946 7326
1 9307
5 516 2467 2456 4058 4331
6 5956 6106 3008 7772 977 2895
2 2634 7417
4 2953 4381 8081 8816
4 3171 9523 4840 2451
3 3578 7261 7917
10 987 428 2108 6180 1706 4913 824 2901 6133 7456
9 6215 2689 8217 5981 4510 8542 1559 5284 7471
8 9389 3004 4721 737 7174 2067 7861 7936
3 6071 7854 845
5 7780 121 5813 9152 6479
3 1126 8265 2659
5 4243 5198 4208 172 2623
3 1724 2753 3048
7 8489 1514 8852 9652 8501 126 4512
8 5964 5606 3230 6040 2329 7926 7921 7502
2 283 7718
4 8982 891 7194 5033
4 5629 7617 235 9346
2 224 7907
5 167 425 8891 3188 7215
4 6284 8095 254 5987
5 9177 4305 1270 5002 6804
5 1366 3928 5672 5922 7775
2 6595 9604
7 2135 6296 1254 6235 8062 1106 4254
9 1073 8252 1031 3438 7090 4268 5481 4963 6588
8 7163 4882 8531 4407 2544 7123 5418 3232
8 281 5440 1783 8341 7281 1385 8037 3810
8 7694 4706 8054 4848 8788 6203 9912 5638
6 813 4959 8771 8744 6784 4014
5 6224 8996 6248 5044 8618
7 1215 9893 1337 2431 1473 7066 6014
5 9025 442 3467 7568 7559
5 3358 3274 4897 2969 7234
7 7190 5692 8495 1041 8376 1399 3642
6 9488 4075 5234 2618 9607 7806
1 6055
4 2742 1184 6371 697
3 6771 9403 7527
7 105 344 5780 3957 3101 2386 1363
5 6190 4783 3901 3381 3517
4 2893 9423 3758 9354
5 39 2667 8548 5473 7153
3 921 3652 6632
4 8680 6147 7747 3057
2 9658 6279
3 5028 1019 8392
7 567 8902 4061 9517 6722 655 3634
4 4064 9342 2291 2494
3 6492 8715 5551
3 1743 9045 1868
2 6002 3531
6 6727 1859 9563 5970 5991 3334
4 5304 588 6880 8194
8 6280 4022 1155 783 1974 9349 8959 7162
5 9545 4749 1667 1027 9418
5 7109 7706 6489 2936 7899
6 8976 3178 4176 9947 2810 8636
4 8101 7470 953 233
6 1939 7435 9003 2796 9866 1177
5 8983 160 4354 9015 624
3 9184 7908 6179
5 2574 5084 5242 3159 4605
3 5173 3829 7886
5 477 5244 6976 439 4347
2 853 3006
5 4613 2616 4973 1738 1397
7 6428 9439 5337 4337 6222 3530 124
3 3032 9828 849
3 4780 3404 7756
2 6598 1445
4 5760 9514 9109 6639
4 9696 4401 1361 7911
8 6509 238 4085 8712 9829 3956 212 4775
11 8273 4758 2226 5203 7972 6022 9285 6680 1954 9330 9154
4 9233 5498 5559 5107
4 5477 8916 8412 8629
7 3237 4908 3979 9869 2925 8351 2681
5 851 9706 6281 5877 4576
4 9766 581 6898 1766
7 7776 6545 3157 6955 9296 2157 4977
2 347 4087
4 772 4173 6587 2423
4 1809 2362 4695 9600
5 5705 650 8240 5988 9914
9 3508 9409 6929 4827 637 5491 2959 4635 9478
8 4776 920 4704 6101 6920 8018 1655 4329
6 5924 4043 3559 852 4895 9212
3 7003 3074 9941
5 1357 4746 2968 4037 7348
4 8342 6713 3080 5208
1 98
3 2245 7817 5674
6 9236 4731 240 6755 1791 6835
7 1285 5802 9642 561 8228 9383 5921
4 6263 9164 5317 4659
7 5327 6306 9686 4412 5374 8574 4625
4 4029 4517 4135 4188
4 5298 6321 3948 3767
4 6304 2096 7508 5193
3 7877 8558 5065
3 7966 5257 7341
3 7850 6159 9527
3 5034 65 969
5 7956 4962 4956 4875 5723
3 3668 3663 5666
6 7804 8918 4548 1345 3769 4678
5 9055 7888 1937 7951 7577
6 5827 7905 127 1263 9841 7021
5 9715 7220 9244 4923 5211
6 9874 5665 9004 4150 575 5320
2 7945 5392
8 7309 7648 130 6689 1432 5402 8880 7049
7 8143 1684 7266 8719 8202 9802 3748
5 6951 2324 1981 2942 4901
4 4600 1464 936 2719
6 1519 2741 6688 9069 2501 9799
6 3690 8556 3219 6881 578 496
5 6469 415 8979 7399 2149
3 2190 8708 6091
5 5280 1533 3580 3279 6320
3 4845 573 9932
4 3179 4572 3422 4131
6 3081 8823 6496 1327 1714 5054
4 6635 3473 4712 3386
4 4219 5365 3285 2518
4 1988 2665 9916 4964
3 3115 2222 6787
4 3980 7440 3540 1508
5 1566 9329 4287 371 1993
1 7368
5 9813 455 5928 7537 6090
3 9543 6142 9741
1 7774
5 5089 1522 6480 2007 8360
5 2198 2948 3931 3918 1199
5 8150 3483 7729 5851 3116
9 4737 1582 329 3475 1022 9748 8402 8631 2480
5 5294 2927 8298 641 6422
6 3073 4513 1426 4362 8893 8799
10 4980 7263 4222 3406 6637 6269 5042 5930 2957 3555
11 1628 9181 4271 1287 6141 4998 9894 7362 8167 3472 1185
2 6830 3024
4 4446 4735 4585 5644
5 7560 5958 5897 796 2630
9 6448 5577 7363 6199 547 6626 9544 7608 265
8 9026 4013 8203 2856 3717 2105 2119 8465
3 4940 2016 8887
3 5910 1505 1778
2 4774 4821
3 2401 1136 75
4 6053 7687 5430 6202
8 8995 3939 9030 9080 1071 6633 5285 7414
8 3090 6256 8169 3218 480 6271 3554 2107
5 7393 5330 3864 4741 3227
3 8978 6038 3818
3 6186 5007 3403
5 8825 4663 1324 6189 3107
1 7364
4 3348 2516 7997 7722
3 5468 2952 2349
5 3193 7463 3796 7654 7460
5 5788 988 341 8898 3504
4 3971 8218 7214 6575
8 1044 9919 4985 2899 8016 1008 2267 6537
5 6387 9000 6762 8479 419
2 1630 9481
9 5816 3141 9667 7746 6308 5032 7741 4384 4978
3 6303 5779 8311
4 4694 1557 3621 6576
1 5453
3 6060 8964 7010
4 933 5060 5953 9643
5 6875 8749 5527 5092 6405
5 8809 8635 6840 7270 2338
6 4076 9763 4709 5526 4411 6301
5 7724 9001 3474 8070 5738
7 3181 5874 4316 5599 9953 3510 9770
4 5728 6631 9358 6511
4 9964 692 8743 531
9 1624 4451 9602 6254 8032 3450 5717 1484 9577
3 5696 1615 9204
7 373 4785 937 4762 9580 2481 2661
7 9434 749 8197 8682 2807 9388 9982
2 9404 5681
8 4899 1277 6076 8485 8774 9847 362 2406
4 5651 5458 24 63
5 7258 7726 6542 7187 8009
6 1303 875 8160 1634 2938 3570
2 2363 447
9 6233 1586 2177 638 4961 2357 4352 3719 5486
6 3155 5671 9407 7087 6524 7652
5 1787 9074 8782 3760 3595
5 6517 2405 8317 2786 1911
4 6525 876 9555 1648
2 8229 9192
2 9029 1289
4 2581 4995 1235 582
3 6754 5602 5255
7 4194 8794 1079 1503 4502 6017 7260
5 4297 4811 2999 9768 4789
8 4788 2960 5064 1879 2160 6094 9827 7319
6 9684 5618 1428 9838 4708 900
11 3353 2947 8458 2837 5131 8557 9950 5712 1665 7996 2980
5 1942 8643 8567 5593 5269
5 8701 3282 5363 8945 711
4 2931 5689 2881 2084
4 3963 4462 652 411
10 1436 4434 1729 8716 9788 8374 5609 9410 7555 6614
3 4416 9163 6135
2 6710 7796
4 4066 4016 9724 2367
9 3579 9716 9875 7963 880 3779 3985 4682 4915
5 3639 8068 9697 7978 5690
5 6975 6122 5677 870 9343
5 6935 2690 7 2587 592
4 2347 1369 2789 6413
4 9114 5344 2862 8395
3 2437 9731 7688
3 120 5787 6207
4 8580 1513 9402 6148
4 5177 5391 3529 6088
4 5379 7099 8792 6627
3 3487 2502 4644
9 3284 9367 2905 3626 1943 3857 5836 7422 1268
8 4815 514 4365 2498 8522 1551 1367 4881
3 2974 2398 8114
3 9347 9431 4361
1 1596
4 9380 3750 6656 9958
1 7690
5 7427 6610 8205 1323 7540
4 1322 7750 8221 7820
2 9480 694
6 5110 3421 8105 7900 1990 6974
5 4812 806 4461 8387 8909
5 9237 634 9143 3826 4747
3 6677 8174 9138
5 450 862 6751 3092 7134
7 4359 770 2559 3729 7029 7165 7492
4 2017 1686 3106 2894
3 1916 9918 6164
5 7920 6972 6325 2493 3876
6 2872 5750 8459 5893 7497 973
6 3056 29 9859 5918 3962 6730
3 2868 1180 4539
4 8645 6981 4419 8180
1 819
7 6388 5328 1945 3424 4326 6086 7887
5 5206 6555 4235 825 8932
3 199 5640 1793
6 5081 3994 9318 869 5410 9700
2 1230 8096
2 5025 511
13 668 8354 3613 8323 9978 1957 5521 8343 2990 1446 9293 8585 960
3 4320 6942 5707
1 7534
2 1668 2497
5 1562 1594 9968 2850 4184
3 6699 2879 6441
3 1749 7504 470
5 2520 9656 7705 3808 647
4 5199 7192 7152 2288
5 207 9086 8596 5489 2994
6 8328 1497 3311 9094 4556 202
4 7001 4470 730 6625
4 1454 8606 3071 9837
4 7064 5864 3870 6051
4 186 2189 503 9510
9 288 3687 1375 6029 7002 2809 6732 6012 8307
5 4976 5574 5513 5635 5398
7 8067 9760 4404 372 7413 9782 2296
4 6483 3305 5273 8696
8 2035 8077 2572 4947 5633 4097 119 4300
5 7227 7839 1690 2561 1627
6 2648 4130 9726 6916 2585 519
10 3496 3268 5201 8384 7792 6324 3589 103 1212 9650
8 5171 9214 1658 7858 287 8895 7655 1154
6 9512 3089 6153 3601 6952 3444
3 5216 2523 5517
4 5061 4714 1991 2611
6 6117 4074 2434 4619 7805 9255
3 8763 6663 6491
6 6548 8058 9022 1851 4364 2528
3 9536 4256 1651
9 8339 7430 9537 8569 5172 696 966 7315 8443
3 316 3038 3082
8 6747 4089 7112 7588 5625 8117 4540 9558
2 2379 3021
3 7473 2076 6246
6 8734 8192 3366 1739 6240 1864
5 2992 3045 2275 4418 7641
8 5619 3303 8510 3521 9082 8660 8768 2155
4 8755 7396 4063 85
6 2826 758 7469 5575 7306 3952
4 2736 3226 3062 7207
3 9018 6843 6065
5 3906 7789 5050 5960 9969
6 5952 7867 5471 5215 9064 2217
2 2099 3375
3 7948 7433 8694
6 4718 5158 9786 7837 4767 4171
2 5536 6216
5 9890 861 5358 8484 9556
3 4832 6546 3708
7 1178 7159 7189 6297 3913 6061 7885
4 9808 9113 4224 3399
3 7106 9991 7063
3 3576 9972 9895
3 8065 3355 8314
2 7934 4690
11 45 9267 7927 3379 8612 7665 166 4680 6266 7593 1635
7 7662 5360 3263 8583 6737 6173 8805
1 8670
4 7284 5530 1618 9784
8 4529 8901 7495 5141 8451 857 9100 1298
7 7675 7405 4387 7740 8061 7930 6596
9 7975 7490 640 7551 1975 8619 9188 9882 7272
4 4088 5178 3120 2507
7 3615 6109 6858 1153 7711 1576 2103
5 6903 2093 5985 5789 2791
4 5875 9405 1773 4275
9 9812 4846 1510 6442 5591 6498 8236 8470 5823
5 4054 5548 8011 2249 6121
1 2436
4 9930 9578 7818 2254
6 361 2211 6490 7156 2956 8753
2 1718 2388
4 5507 2907 6806 9438
4 1875 9860 537 8640
3 369 7164 7649
3 4670 491 5561
4 6932 8776 277 7947
7 6568 8388 7224 7169 5621 6561 1099
3 7625 5519 722
8 6856 639 2340 197 8305 4111 8151 6810
5 2276 4253 145 6647 8385
2 8243 6906
7 4067 2003 799 6960 6149 4793 4916
7 301 5986 9193 4526 7294 2213 5885
3 5913 6356 2678
7 3534 9891 9674 2366 9744 2582 2504
6 8620 7403 6834 8408 3734 1637
8 2839 6957 7799 4798 5698 1678 6377 6172
5 4350 623 2104 4871 7264
2 354 3143