29 6599 2163 1364 5345 5696 338 4495 9485 6978 5434 4292 3286 5488 9458 539 3963 4614 6512 2754 3690 7226 988 4463 4039 7477 12 7837 8443 7021
29 45 8346 3856 4870 6620 3380 7408 6128 6979 7038 2243 7387 8659 9434 6026 6321 2951 414 8684 1803 4982 8923 5932 6317 9025 240 7852 518 7688
29 8033 3562 8983 9522 7890 571 7842 5670 6854 2624 9056 4374 8844 2004 9334 5842 8764 381 3162 6199 5494 797 8853 3559 1518 5593 4890 6810 2338
29 6440 6956 4166 6046 3866 1907 2295 6036 8263 5074 257 7032 1319 9365 8883 3463 3662 9103 905 1748 2733 1362 1372 3841 2533 5430 9383 2809 9418
29 6428 9594 7787 7929 6748 593 791 185 8828 3683 4040 9545 3131 3246 1774 2372 8242 2407 6120 6788 7821 3725 2199 7306 3239 6932 951 655 5723
29 9475 9960 4797 8356 7026 1715 5610 9565 7317 6675 9420 9689 4689 6486 5122 7656 14 3928 646 1252 3097 4849 4210 441 651 4619 5374 5851 2681
29 2603 7229 6687 5156 2756 2664 4553 1344 8506 5838 6069 3058 2699 7549 5504 2151 9630 7881 5841 1006 6349 8357 8922 8192 3015 6041 5054 9410 9700
29 156 4049 3878 6754 1863 8693 3703 3741 380 8904 1683 4168 8611 6811 8279 3180 6991 4645 3276 3732 28 9744 5019 9881 6222 516 3589 4965 4188
29 9738 3240 9820 9646 5566 629 9242 7526 8349 7046 2835 4443 8145 4081 4288 270 4700 3109 8534 5458 1476 4024 50 1061 235 127 4674 2901 697
29 4467 395 1691 6463 2396 5724 7865 2762 6218 5502 6185 9089 2184 3879 1482 4312 1173 8847 4261 6469 8570 9840 963 6751 4490 7156 1916 5361 9784
29 2822 8502 6214 3333 9219 9115 4903 8454 3465 1219 8055 2928 292 4215 2759 3495 379 6466 1523 761 2277 5363 8252 7074 1449 4532 8585 1551 9958
29 3039 2830 1247 9506 3268 5713 5693 1222 8423 1555 7610 521 8616 855 4918 95 4129 471 8921 2974 3768 1041 1129 857 4459 940 5712 4235 3116
29 8103 6227 811 8027 2526 9974 5714 7467 1433 9231 3850 6287 9072 4511 4829 2869 2714 5614 1652 3550 6468 7469 9602 7520 6745 4820 637 1653 419
29 2584 3265 4543 5472 2755 7769 8991 466 5296 550 2909 5064 4906 5600 2800 4365 183 583 7635 1379 4285 1072 3002 7354 7517 3274 8743 869 722
29 7318 3611 5041 6819 9286 7147 7637 3348 5274 2415 4520 7753 4456 710 580 4167 1606 649 6336 3466 1159 2641 9036 2177 3946 3796 1607 2804 2994
29 5876 3581 726 9685 2145 5020 6731 7891 5512 8486 4262 5304 527 6388 1885 7102 1736 1195 490 3666 6373 151 3023 374 262 7677 8374 5029 2149
29 2995 5030 2793 665 4151 837 1994 93 7981 4079 5382 4519 140 5219 5820 2225 9830 5154 2700 2490 5271 5576 6771 9686 3930 497 8317 3857 6202
29 2150 7735 7235 26 1756 5251 5706 1865 8645 9733 413 4401 9116 6941 1146 5443 2631 1 5043 5078 9234 1843 2374 4150 121 7930 7371 9782 6216
29 1179 7132 4794 5965 4046 7482 1093 3297 3745 9339 3313 1557 1742 1952 2617 8355 2226 303 5415 3089 1569 5339 9608 9221 9759 9244 8928 9015 7899
29 9822 2156 7918 1014 3396 4123 813 5446 8377 1679 4334 1889 6697 1056 3220 4148 1469 5493 3371 19 7786 1381 7659 4907 1812 41 3074 6587 6051
29 719 5370 7984 7042 6756 2212 8594 3090 4454 2843 9363 3392 5281 3695 9008 7171 4814 211 8827 6314 1984 3624 2566 4255 1626 2105 287 2561 8618
29 9191 5524 5149 5794 9073 1985 4788 964 190 4900 5429 2052 7838 2724 5152 5270 9047 6905 923 438 8380 5328 8388 2376 4798 1705 3024 845 4964
29 1434 7313 1348 8503 6407 873 5901 4137 6793 1193 7472 4293 2705 600 9800 9355 1391 4557 6792 4405 9028 1208 4613 2360 6761 3760 2915 1268 7887
29 2446 1817 9117 2512 3582 1025 3847 8968 9619 5293 1074 7771 6098 8446 989 9430 1511 1763 8571 807 7627 7092 1497 5571 1279 172 5618 341 4275
29 7138 5645 314 2693 1964 1016 6027 6244 8235 9006 4856 3670 223 6646 9002 5540 494 4946 8107 2650 4939 6825 4848 6335 892 5559 7861 1954 4678
29 2635 3756 5503 1066 3524 4976 1042 43 1194 4289 6531 5964 6310 133 9763 4669 2889 2447 8259 1201 5676 8101 7687 7440 1800 6052 5317 6732 6588
29 187 5354 7793 2205 2614 4250 4627 1245 3427 8723 8013 5279 8899 3303 8807 917 2658 7994 5060 6394 5283 5145 4449 25 8810 5747 6722 3285 7820
29 1959 8299 9913 2524 6150 4165 5671 3528 3647 2919 4579 9793 9007 4601 643 5477 7888 4043 9017 9401 5871 2438 9680 4705 8994 3734 6442 7178 4331
29 8141 5703 5967 5545 5207 1239 3346 9184 1821 2960 3835 6191 5137 6192 9256 3211 9264 2411 7879 5139 3140 2102 8716 9022 2264 9535 7319 6061 4901
29 6056 7609 8654 144 1560 375 1095 8737 7927 6160 6263 4687 9249 683 1914 1413 1057 9717 8367 1970 7535 7451 7895 5728 4020 8061 4461 3829 9741
29 2734 1938 3833 1205 3126 4573 5166 1770 2613 4370 7409 7195 3174 428 8675 623 8221 6877 3378 8161 8704 3307 3977 809 6325 5032 2143 2879 5987
29 9058 2091 9460 1818 7084 2049 2359 4828 7748 1310 5547 6707 8455 1701 838 9252 2821 7353 7425 5778 7211 6391 11 1718 6366 2088 9438 3530 5738
29 6198 2414 1437 502 8540 3266 81 9272 8036 1477 3105 7811 529 5848 1771 8223 4955 4482 2118 549 9026 366 9657 3424 7281 5950 3404 3913 5823
29 3016 4260 8432 61 1745 1462 2058 8365 4465 5277 4062 3315 1371 7701 1103 2006 7499 8310 4787 847 488 9649 9789 6569 7616 6667 5280 8683 6014
29 333 5673 9868 7335 9884 8697 8711 173 36 5975 1680 4732 5766 4382 3446 3896 2466 887 9626 3252 1332 8557 6241 1874 8736 2828 3474 1946 4329
29 9670 3075 3991 6416 1422 6718 2057 2242 5739 4483 8122 2050 3310 8390 2204 700 418 505 4202 2580 1356 1455 1628 1878 3859 1820 7631 6142 7690
29 6261 4830 5771 6623 3518 3164 3443 7054 8914 9308 1849 84 1935 3923 6757 2185 1616 1654 6526 9946 1008 7250 2284 2454 8219 2942 7938 9847 2103
29 2921 8184 4701 6970 7323 1795 4096 7347 1882 1120 5904 9857 9372 954 3061 8780 8975 1781 2246 9807 2081 8430 4624 6 2422 6305 9094 5562 582
29 2870 1833 8177 6482 1442 8714 343 4394 888 3675 8668 353 2382 8775 4723 4477 2462 8196 9928 2192 3296 8748 9374 6782 3938 3355 3030 126 4131
29 9151 9858 4766 6635 3612 8277 7086 8791 2679 3130 373 1724 7370 8332 3054 9588 9011 613 3222 4649 2361 7145 614 4681 5864 8077 5774 4111 973
29 4891 2563 5952 1036 3762 9980 8462 2748 9675 9885 4489 4223 1960 8639 9959 5373 8288 7999 9706 6140 5745 7862 4409 754 7730 4346 7764 265 5666
29 8598 8085 4057 4803 5263 7845 7607 4350 1525 3678 7450 3191 1747 7620 3942 604 3641 6962 8429 7070 4233 1274 9849 4108 1947 9828 1540 4767 2518
29 5260 8607 6610 563 2293 4018 167 939 4953 7629 3362 4019 9218 6187 3646 7853 8529 461 1656 8403 7971 3593 4485 7734 4666 5650 2273 503 4347
29 327 2381 5532 3385 4442 6504 7572 7513 6562 3167 5749 5327 8821 1929 5720 998 4232 3193 3261 6020 5165 6109 5649 1685 8247 1263 1323 1690 6614
29 9145 625 7708 3519 1175 678 9537 3644 3192 7580 5514 7706 5352 9135 9902 7033 775 9553 1845 6035 4208 3561 9539 6769 8241 3601 5845 6952 85
29 3183 2191 9791 9797 4415 4227 740 5424 5315 3304 3637 3194 7830 1091 4598 9666 903 5479 4498 6064 1026 5141 9569 6478 7604 8880 5375 9607 7502
29 681 6791 3765 5675 4034 5416 5368 1160 8848 5900 8258 4127 8861 8020 8650 6904 5594 5252 1246 7041 8301 9206 4362 7052 4337 882 8270 8167 8636
29 2223 3832 2332 5462 9636 6278 1677 9235 7240 7671 8511 7672 564 3449 3941 2060 6223 3068 9266 9195 6568 3087 876 2383 7094 4981 6094 283 5517
29 2368 8579 3503 1779 3373 721 4942 7065 9240 6523 8224 6862 1695 3705 4862 7310 3499 3602 7003 5605 6605 8521 6489 1995 181 677 6404 9838 3818
29 9392 9328 9257 3618 6973 4391 4278 134 8460 8588 6357 2986 2355 9769 5800 3684 4750 4321 6443 9897 3093 8229 7252 5017 4297 1428 2291 7655 4300
29 3636 1660 328 9236 3295 4933 8368 6437 5760 468 7847 7400 2720 4919 1838 3389 3047 302 355 9693 9656 6855 6579 3706 3157 7478 8978 8470 6405
29 835 5325 2241 8919 5855 8549 6049 8897 6764 3234 1516 8047 1405 5854 1494 5095 4970 9046 7023 6604 3935 315 8104 88 7411 2385 9731 5227 960
29 9832 482 7395 9940 8327 2147 9856 4969 6547 4229 8131 4032 1320 8371 157 5214 2130 1789 2420 9005 945 7017 5316 6631 9962 5586 5432 4097 6090
29 6096 3968 3361 487 7109 5066 5796 1322 8649 1304 8358 7345 8448 2589 6873 1866 633 7273 8271 6957 6514 2356 9623 9291 2691 5215 8290 2267 1766
29 3660 4107 9942 4769 3953 309 4093 3854 4385 4388 1360 3606 3314 8482 1892 6462 112 2309 5733 8869 8340 8359 9063 2427 1305 6012 2031 9918 7326
29 7849 1764 4338 4067 3844 2201 7087 6686 8249 987 391 5329 2148 7150 2683 9196 5485 4103 1910 9944 8212 269 2856 5101 4877 8830 9971 8715 2084
29 9053 929 5941 928 1325 4697 8281 3151 8389 2061 5035 54 5834 9233 7948 4230 7159 3004 7133 7582 5321 6116 3699 6619 8197 5548 9573 9860 2894
29 3440 1568 7448 7120 9806 3036 6779 8572 22 3254 21 7824 8536 412 5606 8597 407 8757 6083 3976 6297 7657 1183 2796 7121 9894 5970 3422 8799
29 2717 8404 182 8118 5612 2746 555 771 3780 4432 2097 3146 7429 1870 1145 1457 3650 8480 6058 348 7599 4755 7600 5665 9582 8218 120 2668 7917
29 6430 8039 3693 5237 5116 304 8257 250 8251 3784 5059 2808 4667 799 4371 9876 999 8702 2625 1733 4225 3691 5140 1686 4138 65 9358 1665 3595
29 2234 2648 5595 747 906 9322 1055 8679 926 7045 5238 8878 4658 3893 6375 2324 2224 834 1366 4439 6700 9402 5873 983 4196 1486 3218 2016 9212
29 4523 1599 1365 3679 7279 215 7022 5157 3037 925 7484 5420 2780 7388 8109 5695 2108 9471 8233 1884 7749 1514 3947 2250 6717 2523 5489 2952 2436
29 3187 7642 1734 5537 3259 1264 6618 541 7592 431 3336 1723 8558 3368 866 4373 5643 7808 4475 8496 2958 4013 6501 6053 5985 5398 3645 3059 5921
29 1566 8546 6879 1139 1024 4286 489 184 2470 5700 1011 1002 322 6665 1507 6540 4538 4704 3728 5920 5807 9479 7073 37 6709 8895 6633 1315 3708
29 3448 377 8386 1148 7985 7790 8726 2531 9393 8211 8794 7334 3721 5367 2560 9421 8999 8720 7141 8525 9578 8382 7055 3752 9353 990 3970 5007 7492
29 2849 3877 9992 6935 8872 7144 5682 3326 5887 4641 2802 9979 1919 430 2615 9616 4027 5688 5655 4686 1343 5814 4296 8802 6577 3583 5928 6942 6787
29 5371 2711 4754 9699 6374 2352 1138 3619 8154 6572 8652 1825 6085 5817 3034 2741 5648 9426 9345 4886 7255 8508 6281 6040 4615 396 2380 1791 6422
29 6130 9054 9336 2482 2195 1631 2468 7028 2194 9270 9835 1329 2389 1483 1856 3437 8982 5205 8291 9801 2816 3689 6986 2751 8637 6988 1672 7854 63
29 9106 8267 4568 1860 2506 9761 35 3103 383 7703 3508 4440 8507 6143 7739 669 3512 8425 7027 8208 6095 6158 898 2778 8749 8658 4058 7315 5193
29 5266 2996 2785 5185 9612 5082 2258 6395 9457 5355 594 4988 4379 6114 7130 9424 6924 762 6695 7826 7814 3526 8962 5009 6818 9045 6496 9882 7456
29 5959 1824 8125 7581 3811 294 4302 3040 5253 1081 5530 8008 9216 8094 5075 9729 3927 2663 9929 9614 6458 3726 9364 2991 5391 2329 8353 362 2288
29 6570 9194 7031 3324 2048 8701 6566 1998 901 2689 7036 7423 7941 6601 6006 5943 5642 8155 3852 967 3178 9086 5221 4908 8695 6311 1184 9841 3810
29 6933 6190 4474 6928 1421 3680 5499 7878 141 4174 9375 7939 4696 3778 557 9595 6078 2181 599 5288 2035 5172 3483 8084 4411 205 8037 1367 2507
29 5455 6021 6578 2715 8699 6348 9302 3486 6971 5523 7875 1395 2495 6829 3441 7184 4125 5573 2988 5602 4203 1699 5765 8112 6833 4384 7926 9431 6246
29 9351 1204 6796 1909 9129 3757 6500 5596 9990 3532 1256 7863 3834 6137 5027 4421 9323 7129 4056 5034 1234 3750 4176 7523 2203 47 9580 4635 6172
29 2922 7382 9166 3921 9735 3716 8526 5850 4117 4055 8877 2891 5852 5840 831 8942 6861 1156 3615 829 3843 885 5558 3081 717 9030 4422 2956 9895
29 3353 2517 2335 2933 432 7723 7406 7598 5748 7024 7761 7000 3435 7118 6208 9232 6977 884 7510 5923 1157 757 9536 5408 9112 9347 2670 5836 4361
29 5835 3104 1196 5377 6102 9907 4730 1440 1127 3388 3262 8505 2044 2235 7114 169 2593 6724 307 3485 4007 242 6465 8685 9633 3457 371 5681 9307
29 9581 5147 553 6655 9416 9096 4309 5303 9415 3086 5297 1166 1920 6735 3894 3674 9214 8034 2164 6949 2787 3980 8485 7868 566 8893 3468 5991 6148
29 4172 9445 6729 9251 7742 1562 1373 1784 3821 6276 5597 6590 123 3321 5135 9668 8972 6315 7684 9237 6165 6089 8789 1337 2478 8750 5736 5410 9577
29 8725 5801 6200 8586 8906 3411 2429 7777 9186 219 4124 1045 3356 909 382 6365 6384 1224 7225 6691 4508 9682 4426 3848 8708 6159 7470 6598 5885
29 3190 3384 6461 7636 9669 5949 792 1151 4185 5976 1668 5533 1933 2354 1308 4280 6376 7591 4860 4513 6934 9715 3257 2197 77 1629 2807 3529 3767
29 7678 5262 1040 3316 1124 7249 4183 5218 3100 2176 3742 384 7877 3730 1905 4488 8599 9262 8304 3337 6131 8136 3655 6260 4936 2776 8187 9873 8311
29 1134 3198 5846 5031 4715 6421 4076 7866 4589 4736 2055 1867 7443 3251 4551 214 1047 9624 9162 6589 5626 3739 9108 9572 4381 6573 5698 1235 7368
29 586 9360 4632 4214 2767 8884 2346 6902 9491 4306 2509 5550 7560 7860 4448 3525 193 4493 1702 8817 8021 9210 4036 3352 1958 378 4643 3334 1199
29 7320 9246 8678 1862 4455 5860 6304 4116 8000 3865 332 3055 8721 2014 4199 7126 8276 6050 1903 5616 329 1155 9503 197 486 1385 1727 5204 6491
29 8450 6982 5583 4458 5333 1659 610 9745 1306 4110 1233 1493 8604 9043 8378 1054 6170 6326 4842 279 2880 7182 5155 4741 5459 5471 2059 2134 4644
29 691 957 2890 4239 1049 8765 7149 2745 2983 7390 9976 9993 2262 189 522 5519 5590 7292 6853 8692 3564 8719 7197 5158 5261 6637 9829 9724 969
29 2038 94 9366 6003 1059 3283 1282 9622 7316 5425 6800 8859 5890 3981 664 367 7546 1950 9867 5061 2932 8998 2865 3219 2862 3207 7772 6656 7649
29 3831 4501 1956 40 7295 2768 6816 7915 1253 111 4204 5480 9628 8185 6591 9681 9734 4191 100 246 2543 5735 1500 4721 2718 3607 7174 2936 694
29 8854 8669 3128 7922 9384 6767 5867 9571 8812 358 4647 4533 8939 7712 3175 3344 7622 3085 1216 7398 6401 3538 3577 464 2731 4437 9444 6480 9600
29 9180 750 9591 5669 3410 2166 1300 4621 1836 9153 8760 8284 6581 4749 5581 6439 9209 6946 5980 6571 8600 206 1031 4510 4984 7856 953 6133 2388
29 7418 7205 5889 9732 9817 4005 1131 7872 8518 204 8499 6183 5441 4294 213 7053 7898 3960 524 1649 401 6477 9433 149 1181 7731 788 6647 519
29 6885 3860 548 6864 6910 7180 6710 2908 2917 1532 1837 3298 5803 6129 2666 5577 3799 5899 6678 7098 8064 7827 3578 7583 4271 3451 6271 6663 9138
29 5482 4581 554 4318 9120 2036 5478 6112 3905 8238 1694 4028 3416 9414 6741 8732 4033 716 705 763 5620 5753 5341 9978 6828 575 6524 4063 7207
29 1999 7794 2330 6699 2860 3671 5683 9439 177 2132 4898 6651 6882 6878 5220 5299 6204 5825 8626 7241 2073 4859 6774 2065 8002 4841 5621 8479 3082
29 2758 280 7015 8625 8261 6520 970 7896 4545 4031 2513 6252 9466 7001 844 8578 3639 507 9726 3916 201 6370 5381 7602 4228 6377 578 5284 9604
29 9159 1788 5984 479 4400 4248 5058 5170 1485 8974 5793 2122 3134 9081 5716 3657 8401 1973 7285 1757 1722 6108 3712 5521 3649 8953 1638 9109 6479
29 6042 6257 5245 6250 7442 2323 704 1340 4874 6795 8917 6354 907 7740 5230 2015 7673 5810 500 6247 4253 8275 316 2063 6356 4947 4353 6546 3232
29 5254 8545 5334 7698 9836 979 132 8328 4724 8483 9842 5309 3121 1102 4779 1416 3567 2379 9922 1084 867 4810 7987 9342 2844 8731 6332 7165 1648
29 3117 1377 7569 736 9273 1515 3783 6866 5439 7745 1290 1908 9187 4583 2424 5646 4240 4738 2271 97 5866 160 880 4593 7705 5256 8574 4419 7527
29 7833 3720 8434 8566 60 7485 8957 7359 3429 3785 9771 872 2408 6298 8761 2300 3418 8336 9480 1850 727 1107 783 9523 9805 5926 9388 8631 5255
29 7426 1573 9584 874 422 2339 3949 7441 8441 1427 8602 4101 5290 9464 1662 815 1918 9587 6527 5630 1463 3053 821 2638 5725 5787 2075 5418 3227
29 6340 6557 5136 1407 9382 2137 682 1904 6436 4500 7473 7108 9906 4546 3801 3137 8960 3231 8537 148 6118 142 2392 2491 251 9080 3366 8898 2451
29 8544 5837 9441 5115 8613 5868 8865 6369 6559 1083 7209 822 1003 6701 9381 6166 6106 3596 7832 6193 4216 9369 6239 8747 517 6068 6320 7718 2980
29 2851 3288 5475 7982 4607 6876 971 1342 5105 1519 4665 9247 5830 2811 1249 1819 4656 324 7447 742 9319 5995 7461 814 1474 4380 6371 7153 9346
29 2098 2698 5492 9933 5298 5313 8417 6286 74 6296 9921 9029 4428 8509 9923 7271 2695 7813 7961 9516 9341 723 2905 2405 4688 4274 8298 8879 5453
29 2772 7047 3937 2263 1597 785 9504 9406 4758 8912 833 6927 116 6908 2704 7307 4693 4596 3822 3445 2628 7594 1328 8606 6916 9064 2371 7747 1154
29 5588 3209 9037 5134 1080 919 899 8718 1777 9442 7942 8159 1034 7884 1135 4414 7630 2047 3244 8703 3189 146 3994 1790 7396 9927 2895 1212 6906
29 7136 1752 5324 5129 3150 9629 8634 6752 5176 3212 3078 7068 7990 3010 4633 6220 8867 7217 2453 1116 3397 7140 8852 7972 652 1446 5591 4364 7414
29 2440 4949 9695 7552 5826 5945 4514 2744 8793 5763 4460 9502 5828 7663 2893 274 1828 7181 2131 4301 1775 4427 1447 5016 1119 5526 2444 4418 7417
29 306 3076 4951 6258 1398 2126 393 3871 4880 2722 3280 1799 2276 2675 6228 982 2798 1341 1565 8795 3617 317 9167 2115 7923 1967 4354 224 592
29 8172 7855 8543 7752 6275 3733 8754 7117 6312 6630 4857 2474 567 5306 1094 4139 2432 4836 1625 3394 2831 4971 2784 3112 5527 4913 2829 3080 6575
29 3491 688 5197 9755 3954 1257 2840 8620 2680 5704 2028 3407 4547 6684 1458 2527 9387 3884 8156 9644 7548 423 1318 6293 5795 4895 7997 8180 647
29 3883 5233 5528 1590 6790 1961 9329 883 4575 4446 5413 3273 6367 9501 3063 9283 3814 5628 8643 2898 8181 6733 2553 5337 7746 3168 4268 6843 6627
29 6781 474 4765 2876 9123 4175 4948 662 8005 4864 6609 9654 1436 3812 3889 7757 9560 4648 1684 5335 6608 2317 9198 2964 7807 5734 1678 3188 2423
29 389 4980 8927 9459 291 2701 6622 2334 9324 576 1104 9780 9651 5782 1963 7556 4838 6400 1471 5267 6641 3200 5085 4959 2498 796 8941 3444 6207
29 1717 4671 8710 3698 1197 605 2154 3281 5312 1007 995 8562 403 3317 4943 6362 7836 985 7943 9432 7 9146 5589 5342 8146 3197 1150 2007 7796
29 8858 5326 4259 7219 7579 2358 5052 4472 9044 9737 9970 2040 8691 9160 7276 8610 4623 6124 1286 3428 9102 3294 1297 3141 7770 4561 8640 277 7364
29 1826 9440 8170 8875 5516 7957 147 4395 5053 6567 1986 4290 2685 5664 5972 2872 8087 5003 7064 3077 9663 8102 2160 7717 8845 8484 8771 6179 4087
29 1785 9764 9104 2916 2186 9625 8375 760 743 3176 8628 7928 7340 1744 7586 6282 1673 1611 7093 3566 7057 7263 7498 1479 2211 8305 8744 8307 1289
29 4611 6543 8971 7384 6445 684 5348 6057 5406 2989 9919 1754 228 6063 5767 6134 2043 2299 424 1075 1696 7818 1443 6248 9208 7968 2481 7996 1445
29 1141 4494 8492 4650 9621 5051 2710 209 2142 3648 7815 4882 3839 2404 5947 2125 2740 2792 3737 2827 6107 9449 1086 1930 2819 7741 4512 6898 3399
29 9413 9446 1842 5153 1505 8910 9909 4358 685 5843 8391 7355 1085 1261 7953 2508 6180 6494 3031 342 4198 2377 2545 7524 2938 4872 7123 2810 5107
29 7851 9740 1339 7458 8833 3292 8176 6522 7660 3340 1688 4564 6115 777 8630 6451 5037 5464 9896 1230 707 2476 6541 485 5386 4224 1027 3555 7234
29 9049 7613 3772 2399 4777 4636 2106 6309 530 4527 4822 7935 6763 3464 2220 4839 4149 3293 1190 4770 4626 8163 5981 4366 6002 9113 1473 212 7010
29 6507 2765 1746 6231 4926 4192 5351 5759 2161 230 5314 5963 1934 3390 8601 1382 6492 8023 2941 4670 1755 5449 2336 7505 2866 4735 5789 8265 2107
29 820 7186 1768 4937 2479 4408 1229 4273 6944 5071 3330 9332 4612 1467 1358 5409 9409 1033 4742 5697 1384 3864 2597 5946 3196 5685 2814 5473 7264
29 8220 8246 6265 2012 7543 9258 3667 2238 7142 1883 203 8296 5282 6176 7058 9673 9040 226 4187 4159 9639 8342 5709 6086 7544 7951 8589 2634 6091
28 2805 9443 3681 3659 1554 2401 9540 8873 1064 4158 2078 1709 6178 3807 7702 4424 7803 9776 4911 1101 8361 3221 4267 948 1981 8776 3202 4712
28 5604 5955 3911 3987 676 6255 1674 6359 9084 8123 2735 9728 3127 3974 9060 6629 6714 3891 8199 6043 827 770 2079 5702 8935 2848 2985 4771
28 1769 4574 4122 5112 2578 4587 5022 6994 7405 4577 1349 7531 8337 7025 4368 6837 1886 5331 9779 1164 8735 9722 7512 7601 79 4197 8784 2157
28 3875 4634 3258 2 3 443 236 6205 1725 3069 8894 6648 8855 4986 1853 5971 7514 8587 8671 8 4220 4968 2987 1375 8803 3653 1991 2582
28 7277 4759 3972 6402 8063 8584 8320 9183 7111 7105 3379 1182 5689 7532 305 5356 5394 5989 6863 1273 5623 1687 8739 1716 9285 8195 7965 2587
28 4967 7781 5973 5881 8053 7667 8746 5784 7163 1307 9067 6997 4835 6174 9552 1535 5627 2806 4924 9230 1945 6592 8160 2328 2093 3906 6435 9404
28 4114 3704 687 3149 4560 1681 8924 6446 3185 4396 59 3548 865 6721 2981 318 4525 7823 370 9396 2180 9305 9101 5677 3909 2345 3305 7568
28 102 3827 5069 5247 2906 5144 4858 9943 3882 8728 886 1206 3124 9792 4128 66 3576 1645 7357 5179 1987 5992 7139 6077 6136 587 8774 7908
28 5919 2713 8870 2858 2253 3412 7870 996 4348 8493 360 1215 8665 6182 568 5268 9066 7210 3248 3751 4709 8738 3374 6499 2311 1015 6189 7555
28 6613 6668 8740 5553 4050 9937 8381 4377 6550 9883 5603 6224 6378 1642 3609 4072 9276 5419 326 4846 7420 6126 349 5538 5936 4695 3008 2528
28 7653 2198 551 350 2141 5102 3804 1368 4799 8040 5601 1444 1303 3502 6772 7013 5447 4118 7433 454 1355 1162 9193 9074 3014 103 3279 4014
28 4119 1143 6600 3598 3442 4739 8756 6389 6162 8603 2068 4720 9228 8963 7233 7615 514 756 3776 8098 6067 5710 8633 7342 3936 4762 9968 8351
28 7674 5535 6245 7864 1152 5726 3033 1898 4025 9203 9562 8294 3147 3759 2845 8713 5187 5098 9551 3788 3793 2934 186 1978 3547 2357 2902 4037
28 7584 1925 1712 429 7367 5896 9494 2536 1802 8289 6856 9983 9655 7288 7035 5758 2692 4847 2723 1940 3966 29 6602 3729 6920 8582 9866 2296
28 8424 7297 8399 6871 7986 8663 5912 8532 2064 597 7305 9952 510 9845 7491 369 1977 2070 9676 3967 5788 6852 3498 5232 8018 4600 4791 6173
28 7080 2550 2554 1976 7867 171 8006 2450 425 6329 9720 5169 6510 603 2939 6380 2341 9405 7208 7550 9541 2210 6702 1877 3940 501 9152 5470
28 4078 1539 4807 3903 779 8250 2018 2771 9781 6084 4684 3515 4825 7242 8489 7124 2727 650 6958 6270 1438 3990 6583 3948 9934 6798 7921 8964
28 6808 5383 5209 6155 2965 9719 2622 7489 6553 1242 5781 4591 7404 4423 8338 2287 7155 6649 9730 5047 6831 4932 699 6076 581 1022 950 4875
28 9168 773 4994 4802 7151 8766 1547 2774 4004 2511 2931 7076 5497 3199 5379 8990 4843 5957 8016 9532 3597 542 9514 7644 1266 8060 7474 4605
28 2586 3632 3534 6168 6284 9777 7719 9936 9853 2947 5906 545 4376 4180 1667 3616 3574 4085 268 864 6019 3309 7967 5515 7508 9398 2467 6088
28 3425 2607 4170 3044 5171 158 703 975 9554 5012 5509 642 1698 6508 7557 361 3895 9653 4572 7646 3787 8079 5776 9924 509 7223 7004 7947
28 9888 1512 330 8003 7976 8072 1521 4387 4630 290 7037 8191 2066 6915 914 2283 6146 354 1291 8767 2366 137 7480 8535 5110 8416 1211 6865
28 1579 6897 227 1410 9751 4718 6411 7296 2289 1317 7407 4021 3798 8384 965 5775 4496 9647 6967 7959 1077 1982 3447 7595 20 8272 5481 3554
28 6424 1030 3656 4099 7416 5705 1412 9395 3770 619 4833 7525 6368 6272 9177 2193 8614 5236 4399 5194 6122 7204 7101 2953 9517 9422 1313 9768
28 9321 4349 8227 9042 5910 6322 3091 7768 5401 1797 1749 301 2878 339 1461 1439 8996 9981 3007 5362 7198 3591 5180 9886 1543 9765 4586 9802
28 4960 9692 9743 3914 3331 706 8012 9892 841 7765 3794 300 8956 877 7146 3250 5958 8116 3621 6558 433 9259 459 9953 2627 3092 8539 977
28 7643 1492 552 5127 2430 5436 1639 8673 1730 9178 8147 933 1244 7792 4851 2326 8370 5422 7127 46 9926 1859 8838 6797 3354 3289 6626 8932
28 7782 1942 1531 288 3620 4001 8178 4950 720 2538 8617 8832 2852 7104 1451 3677 2364 595 1955 8705 136 2575 6560 8788 1509 3173 3956 3870
28 493 3025 457 3781 4529 1575 4694 1932 902 465 1643 2647 9179 2682 7859 4676 4800 398 759 8822 8069 5025 8632 5660 1404 390 1327 9163
28 2209 7545 2365 2305 1608 6242 590 3556 2477 1971 70 5124 8231 7509 2010 1783 6306 7585 4086 9512 7819 4620 4265 3998 7791 7261 8062 4871
28 934 7337 7115 3694 8273 3238 2439 4566 3430 6515 9281 2325 4092 6406 3983 6841 2312 3432 8984 4464 7497 4729 7619 8203 7991 5491 7839 3808
28 175 3492 3460 7969 9076 6481 3225 8488 980 6277 3608 1460 6018 6337 337 6048 6802 325 6775 9521 2605 9013 3995 3510 9788 4680 2969 9827
28 6423 8961 5934 2940 1737 4677 6519 7379 1354 400 4140 3507 7007 7612 6414 8031 9297 1240 5799 7325 8664 1202 5305 9034 8846 166 6513 6806
28 4768 90 5903 5815 8074 8966 5188 4478 2403 6824 6820 7645 2606 1847 6483 7515 101 588 2402 4972 5722 284 8647 5819 2709 3148 561 1773
28 6812 816 1491 2244 5968 9097 2920 3858 252 6344 9500 8857 4430 9844 3477 611 4492 2113 5986 4330 1432 7562 372 714 7518 8916 1928 1990
28 962 1130 7397 6092 8530 1588 7361 0 6300 9274 1419 2178 6025 143 8140 6545 5541 3125 2344 2696 1605 622 5300 5996 6660 9586 7934 9643
28 7914 8730 8934 8120 4249 2236 2301 8920 1895 3481 1622 4869 3635 8334 4226 8908 5539 8321 4357 9566 9843 9472 7857 1538 6013 1601 2532 2565
28 2600 862 1556 2459 4186 5654 9665 8022 5862 871 7091 1630 2416 406 7099 3672 5531 6965 7350 6381 1324 4537 9508 7551 8117 6028 4556 3071
28 9141 4922 416 9304 404 9678 6105 4692 1759 1118 7257 9821 4147 7321 4157 4883 6302 3325 3638 7634 5414 3823 2612 8363 8712 5285 8619 5044
28 5634 9887 4238 9930 2815 8575 8500 9795 7483 974 718 6999 71 2743 895 7172 6621 7231 6195 3475 9938 1501 607 5560 7280 7726 5257 6537
28 5832 7179 8415 7648 9033 1913 4313 7751 4190 7455 878 7377 3360 7809 57 9122 5239 4865 7262 4778 9357 1827 5624 9065 7463 2959 936 537
28 8097 9038 9075 9352 4910 6868 1487 3203 4044 8476 7536 7766 1044 5073 751 1496 645 9671 4719 495 1200 3673 5234 8527 7970 3663 4832 5240
28 3423 8128 6888 7244 1890 7436 216 7840 4083 1020 3925 3490 5913 2944 9091 1114 2111 6712 4372 4429 6645 8428 1311 1951 3717 9774 5050 7187
28 6950 3210 528 6117 5999 6211 7375 9533 3341 7597 2030 9862 331 9694 7493 4335 2485 538 8563 1901 4234 8157 9948 9557 5813 4954 4714 5988
28 3922 9031 2954 3005 5400 3347 1203 150 2961 8025 6989 3817 2520 4603 7831 8095 6807 1780 9144 6555 7945 8531 8188 9020 7413 9987 3062 6017
28 1587 2086 5653 3099 1053 7980 930 5742 3711 1693 1092 2255 3488 9010 2739 7763 3837 2975 9611 2515 1528 9399 9348 2926 7542 1288 6960 5273
28 8946 9213 2152 7449 6351 7773 6341 8478 9851 734 2725 3631 5428 5993 6502 3853 7750 3184 4023 7640 7565 1232 10 3351 9143 3057 1136 8114
28 577 7006 1805 2228 434 3610 4795 3625 2525 2071 1226 686 2900 8925 6418 254 4051 3046 7632 1729 4154 9331 8169 9124 5711 2737 3957 6121
28 1808 4303 6595 7894 780 6125 7327 2136 8322 5100 7816 3553 5905 9279 6426 6998 6518 1336 7732 9199 6834 7452 7799 2812 1765 7214 6737 1099
28 13 2182 7871 1275 4386 4082 9803 5010 2179 7097 7336 9703 5611 1829 7088 5652 5484 536 5927 8086 4245 708 823 8777 7152 2911 4940 8753
28 4804 8472 9361 3476 1267 7430 6551 5875 5878 4363 7503 7983 5024 1761 6156 3978 5040 8119 8056 6285 3933 8344 3154 7289 1333 6397 6498 7907
28 8078 994 656 8778 5456 6912 2609 4642 2233 6860 6138 3434 3795 5427 2369 1122 2653 1581 2473 7366 6259 6290 1005 3111 6327 9474 8092 4690
28 4904 436 2442 3560 2535 2912 6634 6212 5570 7784 3791 2935 8538 6060 6398 5546 9469 5399 6827 9171 8785 293 8772 6141 5196 2904 1697 9192
28 9601 1831 8903 5751 6177 9963 6727 5506 5757 6097 2522 5699 8605 8066 6450 4902 8210 2227 8198 176 6913 3358 6858 5764 616 6008 2620 9354
28 9714 159 5721 8885 7650 2873 6658 7880 9338 1259 8213 8815 4295 4713 533 6075 6953 3419 4451 1394 9298 4283 828 894 6784 5918 9349 6279
28 3060 1415 4088 5997 4710 4181 8970 3651 1810 9126 2763 1023 8591 4218 210 86 3535 180 1480 657 6031 2190 2437 8823 1396 9904 3381 7886
28 8849 286 2855 3201 6237 6123 6007 5587 4938 1792 2547 3955 2316 3065 2546 4080 9140 4780 2045 8457 959 5922 7977 7618 8110 6303 2594 6135
28 3709 7639 9747 4006 5226 4628 8410 2738 1839 6015 3743 8347 3284 8038 3514 8283 4522 6288 9641 4899 2222 1646 3586 6838 5882 3328 696 2155
28 3592 1387 3630 6493 1429 9590 6826 435 8641 6472 3364 1988 2877 198 8560 1713 263 7189 8444 5164 1949 6342 312 6339 7788 3120 2099 9481
28 3766 9688 1704 667 5598 4983 2298 5177 4003 7812 4178 8907 6213 7005 8348 938 8667 2087 2272 672 9519 6467 8622 640 730 4352 9645 5561
28 3249 7566 5564 1100 2239 3122 9356 9350 7916 4559 7925 5818 2092 1402 8329 7069 6079 2229 9316 8662 4528 506 6909 9069 5549 574 9161 2406
28 1574 4447 915 7331 421 1969 2642 3513 6328 7661 991 2412 115 782 8254 8688 1613 6725 3433 3915 8806 520 5184 3098 8979 7029 8151 3006
28 3873 9288 6992 3919 6410 1923 9961 9975 4640 363 2629 5404 4179 9704 8796 981 2445 1584 3539 1844 7254 8951 1669 8520 1316 2616 7850 6055
28 2139 5097 2874 9632 7232 6822 2375 3830 9451 5407 8330 5083 2859 680 7012 6453 9427 241 2602 4806 9834 8474 9301 8174 2094 8682 119 5033
28 9014 27 9635 4535 663 1430 2918 4809 420 8477 7243 6674 394 4343 5006 2475 7737 3253 8300 4725 8091 6903 8763 6431 6059 617 2850 3021
28 4466 4662 9202 7253 229 8108 3917 9753 5168 9317 9815 4383 2998 5761 8341 6226 7206 2910 8997 6896 1251 8411 4012 1580 9710 467 2349 9343
28 3387 8896 810 4717 2353 5990 4323 3439 7755 5879 4201 1069 6948 4045 2464 96 1088 4010 4763 9088 6243 6455 2824 7453 9476 9687 6217 7460
28 4322 9718 910 4279 3177 9027 3019 7541 6186 1676 5175 2426 8989 1406 2671 6611 4438 4541 9758 5641 5656 4324 1857 442 196 5849 3872 3048
28 1572 8183 5555 4327 4195 289 5857 80 1603 5568 6225 7267 9833 805 4120 7681 3971 9567 2592 7956 458 4242 932 4222 1762 1464 6269 1778
28 4141 9157 4773 1520 5658 4053 5619 7369 5159 7835 7727 644 7989 9118 3026 2949 1050 812 8839 2449 6880 5250 695 4369 2510 6074 6947 7471
28 526 4397 3471 4909 4622 6016 675 107 5084 1248 5311 7213 1489 2973 3271 9325 222 8396 2259 8397 4073 267 8985 2046 6533 4698 1559 1864
28 8044 7606 256 69 8751 2218 9407 7960 3544 1089 7522 7873 6206 6253 7844 5978 9169 5212 4826 7067 1357 1782 18 8955 621 3979 9100 4747
28 6229 5388 6959 7516 6283 8421 1542 2794 437 1301 4431 2948 239 3269 4761 8168 9683 4534 7314 5891 3497 9379 9450 8542 7164 3668 6842 9556
28 1711 2847 5213 5128 3907 1217 1198 2574 4193 7304 3546 7188 9739 4074 8621 802 7912 4609 9701 3999 4920 9610 8433 9032 7617 2041 870 1185
28 7245 8121 5195 4896 2752 2775 2391 5376 6236 5142 1526 997 9222 2984 5072 9197 2697 2307 1806 7506 2455 5715 8179 3450 7521 7089 3826 8816
28 701 275 7496 9019 82 9549 606 6817 3724 9254 9917 5291 5847 9389 9707 5956 7081 4162 2726 7825 7669 1153 5225 9766 9134 6673 2493 9799
28 8099 9662 7695 9804 6113 8046 7239 7227 1767 2457 9910 6582 3456 1418 585 7385 3740 3885 1743 6132 5203 1953 6661 6022 7386 8011 4502 2678
28 295 23 1285 6936 3707 6966 9955 9648 200 110 6171 7282 7056 6471 3461 3897 56 3824 4595 7507 129 5824 1731 1347 7858 1010 8945 511
28 3216 5130 1807 9039 1600 3275 4722 2409 9289 6847 7131 8967 2818 4090 5067 5565 7626 9528 9530 3282 579 4173 3542 455 2537 2268 9786 2783
28 3155 8383 7402 2971 2051 5797 3114 3170 4194 3487 3110 9677 8661 1879 9996 9617 618 9174 6232 6023 4022 3749 8706 7683 6704 9423 1739 3504
28 8995 1846 3899 2472 6563 4314 6703 7393 3715 4785 3228 4582 5118 2500 7692 9312 9513 2660 2639 5099 8059 7169 6593 9277 2505 5729 7593 5320
28 746 4805 6151 6363 7575 6292 4069 6393 3654 1039 715 2120 8035 7043 7431 6698 8226 2321 5463 2023 6071 7389 1900 4884 1937 3308 7424 7049
28 6392 9727 8080 2469 3992 5542 8933 117 5911 135 5036 2913 1144 1721 8901 3370 1169 6343 8331 3012 6081 8408 4319 2559 3988 4518 9650 4789
28 2672 3179 8850 5387 9095 9773 8564 4356 9808 7401 972 2188 609 8814 9024 4109 7221 444 2596 8856 4102 9603 2340 3459 5275 2999 8583 4625
28 1408 9447 6294 8745 7519 2024 7299 3558 6163 2552 9368 2548 9618 6457 639 8051 8028 5389 5708 272 155 6080 5445 4416 4973 852 4135 2719
28 6975 6319 7529 4217 5940 6485 8727 2950 5969 2183 532 6434 1128 2165 4637 4146 9893 4035 3718 1180 668 897 6799 3527 6490 9164 8402 8194
28 78 2090 2000 3682 9899 4817 8050 9583 8687 5133 8318 2153 1650 8426 1530 2581 8139 8866 6505 8580 9275 7665 4336 5629 4291 3652 4516 2661
28 4189 8364 1021 7060 2135 504 6299 3587 4017 1545 8067 4136 5894 3393 559 8190 955 8082 7624 2127 890 9605 9950 4450 1227 9463 1484 9527
28 8980 7511 6640 2599 5258 9874 1854 3182 4521 472 2867 741 237 2056 3747 5378 1537 4654 8419 4928 7269 4484 2978 5359 8559 6762 5915 3876
28 5014 2297 2069 7724 1558 3118 9121 4550 4444 8593 2373 2857 9300 3585 9299 9292 5880 1640 6054 913 9775 2875 6899 3687 7192 5780 1399 1627
28 3516 9248 7475 3867 3702 7721 2782 6361 8528 8150 1861 8437 7949 6484 3096 2187 830 9534 7573 3217 5743 3133 195 8555 2567 9293 8548 6596
28 1813 596 8592 2169 3623 6766 4486 2232 7993 2595 7950 8144 5200 8842 512 6438 5487 8313 9511 5087 7434 6723 5286 4320 7810 5092 824 3570
28 3363 2766 8969 9891 7116 6844 7464 7338 9425 7330 9035 6454 2080 8015 2342 3301 2568 2492 244 165 6070 2089 6209 5615 5805 448 7903 8096
28 8786 7175 6093 477 5520 9241 2673 1258 6535 1671 6033 1163 1948 9736 153 9757 8497 1623 4861 3600 9493 8635 8965 8779 9705 2544 5216 7775
28 8057 3929 7439 2042 3367 6753 8093 5396 8274 4929 6914 9664 2465 2576 475 958 5248 2173 8608 9009 5892 1019 3224 4008 6415 8024 7697 496
28 4115 1191 1186 5632 3323 7715 4307 4487 7693 4691 9090 8734 5332 7973 4276 3458 6334 2899 976 3342 1513 1658 2729 469 749 3962 282 849
28 4935 1125 6857 8052 9150 7176 2608 4089 9954 4958 5647 8976 7237 4925 1726 8759 7236 17 6964 4863 9265 3861 6139 1454 9679 1655 5635 1868
28 5062 8394 8166 598 9515 795 8834 9107 1028 8655 8260 6693 1459 9185 7265 1598 4509 4070 7283 260 410 217 8929 7457 9900 2881 2431 447
28 9111 4246 1330 9128 5181 4867 9229 5457 9994 7664 3986 8222 9370 1621 48 2256 3869 6387 2460 8312 9373 8065 4155 692 9148 5161 4962 6730
28 1965 5557 2649 8717 3417 9708 9055 2433 8541 6233 4497 6238 55 7682 3401 9570 2419 5692 1624 6333 7920 6101 752 9524 547 3522 966 5269
28 4852 8468 5908 9606 2914 7679 8201 9898 2281 323 7071 2643 709 9824 8762 2979 6403 1732 5977 3052 8405 2579 826 4631 415 1071 2968 3531
28 3042 9538 1924 3064 462 515 1996 5556 9660 7374 452 5694 7846 125 1142 5737 4059 2333 5931 6549 7085 4462 942 6688 1393 7900 6157 6625
28 4052 9561 3701 1835 8234 1276 456 8577 2937 4997 8677 9964 7459 5450 7587 3605 8773 440 4653 3761 7444 3626 8088 399 9863 2189 5021 3634
28 9925 8406 5886 2769 5151 5783 1593 1299 6473 2955 753 5998 387 7077 4855 3067 4610 6760 7762 8656 7193 2669 2483 4664 5466 8596 4540 1993
28 1048 5944 8073 1051 3764 1293 7910 174 3912 1082 8862 6449 9158 3382 4277 2278 2231 3327 6839 6894 7904 5452 6273 9377 253 1105 4897 2504
28 654 7704 8952 3172 5460 6794 9467 4048 6750 2083 9760 6460 5162 2082 1719 9598 4555 9487 9985 9711 3270 1529 8742 4905 4702 1615 2556 2630
28 4065 2496 1751 130 8936 15 6427 8553 8398 5403 5350 6813 6728 4098 5202 3961 2972 481 3945 7051 1478 8888 9819 9253 6654 3421 2781 1793
28 4182 3665 2813 6474 3050 7728 5201 1944 2601 2654 9812 1880 9303 9261 7725 4112 6009 5272 6734 347 3658 9496 5719 6907 192 2008 9018 5690
28 9861 3235 5206 5349 5829 3836 1414 9182 7202 7955 7284 39 1097 3806 9359 4340 4740 247 1591 776 8863 9550 9004 1957 6532 769 836 7063
28 3145 5939 4503 16 9967 5229 3479 3420 2562 4542 6705 5701 3241 4743 2970 4113 7733 9070 8113 2458 3115 2421 1974 8515 6929 2441 3901 3642
28 4661 4796 3027 1772 9454 6657 6616 499 5369 8309 5578 584 2842 2657 1504 758 6396 1941 8973 5338 3924 9225 7490 9878 3710 7246 5717 3375
28 9340 8568 9470 9385 6516 3755 1750 8646 9949 7651 1158 6954 2121 8864 4471 3470 297 6689 508 7780 7293 3676 3996 3369 8782 5609 3868 8887
28 9189 8653 8286 8949 3291 5210 8913 4251 8876 6268 2943 7958 8435 861 6692 2888 9419 9998 4618 9965 7686 3469 6911 4061 9912 5543 1345 4539
28 9435 3247 8134 8547 5244 9462 7412 2266 689 2009 4064 2502 6386 1188 9390 6786 2245 1502 9473 9125 364 4912 7360 3045 8081 8501 3106 124
28 152 8504 4808 9224 1465 238 1592 4524 1897 9093 4941 4873 1176 5015 7363 6930 2564 755 3549 4711 8809 9879 9903 9667 5809 491 1533 202
28 5057 1595 8026 3264 9268 8418 6643 2674 4562 6708 3506 5811 3622 673 4351 9810 6353 6487 7333 853 728 1018 5657 4608 6867 6184 9188 2611
28 7427 9498 2836 3322 8193 2394 4703 8741 4341 7415 9529 7059 4992 5265 1552 9794 6850 5773 8379 2750 5544 6420 7897 818 2054 7804 7294 4977
28 602 3496 7251 896 9754 6262 8285 6652 5301 6872 161 3563 4132 6945 7199 8175 5056 7570 9783 9746 6194 1110 4790 3208 4517 24 6235 1177
28 42 6488 3051 6961 9397 8954 7691 7561 8627 1692 5951 2610 92 2903 7167 6350 2110 9709 9518 6219 8354 4000 7754 2962 8100 3985 2585 3107
28 6197 1359 9756 1675 1776 9915 3001 2687 2274 3320 7767 1915 1126 7290 3108 6644 6884 3594 4359 7160 786 9306 735 856 1798 5678 4923 6164
28 4760 3628 4751 7481 9190 8266 4597 1541 3777 5028 5440 1292 5417 2534 5752 1221 4106 744 9749 6529 9574 6679 9905 4927 7738 6029 1106 2494
28 2378 2864 7173 850 3139 3851 7201 4745 1549 7462 2924 798 5579 863 9931 7779 9999 912 1823 5111 4675 5437 6981 2104 2779 7435 2925 5392
28 5046 6980 1113 7191 5585 1283 8958 7278 3018 620 6210 2887 6780 2761 2348 6594 7834 5340 9085 7403 139 1989 4468 3800 1939 2716 4526 8392
28 7633 4066 450 2384 9139 4304 8609 8463 7869 4792 6918 4266 109 1314 5732 4756 5199 5498 4604 4491 2486 3070 3910 6534 1975 7789 2215 8805
28 445 3452 6890 3855 5308 2677 1689 4734 2832 1269 5192 9092 6352 4160 7893 4845 4570 8420 7964 122 5663 8126 1527 7119 6921 8792 7841 8314
28 9371 5336 1816 3932 2633 7952 5435 5163 3500 6385 83 4375 6612 8142 7882 9400 6104 478 3773 1296 2196 6840 1017 218 4995 8487 3633 7911
28 3590 9957 4169 6889 1178 9721 1804 2331 9314 3774 5983 2826 1796 2645 5718 7212 7932 5385 6789 2871 6047 2363 7486 8058 8660 4592 5513 711
28 660 6770 5966 8324 2168 2519 2838 2337 2039 1980 4130 6849 4402 9367 8871 5746 1117 1578 8054 6987 748 1331 1112 1714 731 8228 6955 2623
28 4473 846 68 4957 1220 5525 1004 6744 9149 2320 1708 1589 2314 1352 4317 9050 6617 2128 483 1335 7302 6801 4999 3493 8164 7002 7066 9255
28 4071 3181 191 961 1758 6554 941 9078 3158 6715 9839 5000 8248 7588 5727 4378 7500 2929 8230 6004 2461 3165 5120 8306 9001 3816 1875 233
28 5552 9243 9568 2963 5005 5318 5323 5223 1121 5384 9110 5791 2577 7696 6895 8860 52 285 631 3000 921 3613 4979 4584 5569 2907 4345 2791
28 7828 1035 2557 3950 1210 1604 5580 9880 4325 51 5584 8552 781 8255 9796 6111 5295 7975 9920 6870 9245 712 3688 1786 638 8891 1350 9558
28 3236 5467 281 5483 5148 4393 2770 9172 2207 525 9173 5442 5411 6291 2032 9483 7889 1231 72 6803 5933 8014 8902 1281 6181 4552 6149 9969
28 7662 7539 8017 3462 7528 949 6221 8911 8316 9634 3863 2116 3819 7258 1137 8373 904 2521 3414 5094 7137 4075 5380 1470 2703 4237 4775 7348
28 7937 6001 3383 9984 2555 7286 7538 3604 4457 9260 8245 778 5974 5048 8490 7378 386 7410 6736 7685 5143 1481 2282 3842 2275 2119 2456 9204
28 1109 2803 1670 9592 627 8681 7061 674 8840 7743 8623 359 8938 4161 30 6851 5174 842 772 9000 4308 9859 9977 1682 426 9991 8132 7272
28 1472 7030 4757 3350 4476 4355 8111 2853 3802 3908 1435 8413 5063 7623 9935 492 4244 5393 4837 6984 7034 6694 8308 2398 8981 2306 8412 9510
28 570 9589 7358 8890 2343 3186 4975 8001 7078 2646 4281 4515 3849 7962 1409 7558 5567 1931 608 3792 4041 2655 2109 8032 8516 2487 2213 4184
28 7576 612 446 8841 8820 73 4673 3489 5343 7709 8214 2397 5869 1936 5191 6968 8519 4752 6127 7797 1388 6066 5039 1254 5536 3345 6240 900
28 5465 1425 3501 8438 4144 4104 8239 484 8783 6711 2100 7432 7589 918 8148 733 2216 6249 5853 8524 2347 2529 8556 4360 1115 4590 4707 4821
28 2993 6154 3575 170 2085 7259 9238 9380 87 5023 4728 4565 858 4420 3888 5730 8707 2488 2022 6346 5684 4569 9661 2393 7106 3664 6564 6413
28 1641 2583 5938 540 3696 397 8442 311 2303 5119 8153 2656 7300 8007 1063 3287 3043 5357 7168 7874 1534 7567 808 4746 6503 5667 8240 2367
28 3902 1038 8851 6030 3391 9147 8790 2797 1098 4652 546 2946 4985 8886 1353 8295 3204 9509 9875 1992 6886 543 8323 9170 6308 3697 1851 2217
28 1466 352 9492 968 8445 2101 6859 2410 2175 5490 2590 2897 2033 1553 1070 131 1858 2886 6087 1510 767 5518 9181 1378 427 3226 4256 7722
28 8551 6671 7183 7351 8162 908 9223 3520 943 2558 9526 7785 6993 5808 8787 2753 1161 1073 6307 4854 1703 7339 2694 9865 6169 1295 6542 9941
28 8090 8207 128 659 357 208 2637 4672 2318 9889 5592 1389 5080 4578 2540 8129 8319 5640 5572 9269 3874 5011 1633 9082 9099 5948 1522 5707
28 4753 6497 5917 8733 952 738 5925 9133 9267 6037 3484 6552 6082 922 8475 1488 8758 7143 2997 9386 3230 5243 7666 978 5907 8959 3540 3748
28 9488 8948 7309 2304 8204 5307 4231 1735 5496 5474 1647 6773 6429 1294 9326 7564 9021 2839 4853 3964 1922 2619 2302 4042 7166 9916 8268 1637
28 207 5008 4996 4480 3405 8992 3242 3803 739 7062 6574 8931 4425 6399 693 6530 3820 2133 4133 8825 2002 2117 7128 787 4479 4827 7885 7641
28 9215 4236 5113 3951 3455 7381 9599 5639 3156 893 8808 3846 4599 6749 3786 1876 6940 3408 1619 5754 9048 9691 1997 3588 5633 7843 9330 2659
28 7148 6062 8977 4824 4200 8937 9585 1012 7468 5045 3402 8813 8512 376 9344 7758 4893 5672 5636 9142 118 7892 3426 889 9041 3083 4339 5644
28 138 5613 336 9966 3009 4567 2644 3904 5769 7135 2651 9871 2390 1498 6696 7200 2484 8041 875 2688 5607 5872 1546 2721 6360 9767 764 98
28 558 3551 5740 6234 4834 5883 8494 3299 266 3989 1309 5106 3095 8915 5426 7909 335 4299 4879 3789 4744 1570 8648 1728 8068 2067 7537 4978
28 1386 1271 271 1809 5423 7974 8798 1302 261 1207 5501 6456 7247 8137 6742 5924 9077 4706 4786 4554 6642 8287 7220 1834 2571 937 6969 8696
28 9988 626 7014 5310 9816 7621 5863 2313 5146 9376 7466 76 916 4617 1392 2757 9295 5651 5103 4876 162 7465 3163 737 5344 6881 9403 4915
28 9543 9136 7380 5461 1644 5 4221 7675 1620 8944 6318 1524 9490 2551 1171 9564 5081 9465 1563 2861 3338 5358 4505 8567 9542 451 5877 9154
28 666 405 34 8624 3744 1740 2868 9986 4247 5189 2760 6814 1962 3132 1830 3213 7676 1720 5431 3017 7274 2074 3135 8554 573 556 2249 7134
28 5777 4878 498 2570 1855 784 9546 6419 9854 8206 7776 4914 3543 2730 8422 5982 5001 2270 9337 3365 7266 6636 8940 8672 9698 9003 8514 5638
28 2265 9826 4481 2736 5117 6746 3669 6738 5278 7419 3892 4316 3686 9672 1636 3886 5755 840 6528 1561 9132 8202 2884 6713 1943 6266 5897 819
28 4398 6597 8297 7020 6677 4887 9989 4315 8993 5687 8369 4823 924 2632 6670 4934 2945 7848 2112 658 2159 7445 2285 3727 5937 8105 6639 7341
28 4764 4989 8143 1417 3898 1794 5167 7356 8680 4095 7352 8755 2017 4748 3920 2387 9659 4453 3569 9137 1814 4651 2072 2927 9563 9723 1503 1397
28 3511 1312 2005 1822 653 2279 690 9939 4588 3166 4945 5018 5438 9455 1706 2206 5741 6045 2662 3900 2773 8449 5575 5294 6783 2516 4881 9770
28 2823 2351 7421 8829 7625 589 5353 2489 2707 6690 8573 4952 5259 628 3152 6539 8029 8804 7479 3395 5004 6848 8836 3214 1361 1369 4866 8909
28 9282 4392 2418 7744 1448 9489 6099 9461 1609 6364 648 3454 5108 729 6147 1832 2327 1213 5750 4668 3206 9176 3478 4531 641 4699 3580 7936
28 601 8205 5529 9956 3557 3332 8831 6747 5390 4638 868 310 5451 9 245 5622 5806 3790 6900 154 3509 6517 9335 2990 6153 6161 7362 9982
28 3153 7494 4660 8464 6073 1787 3573 4452 1602 3144 8253 9057 8686 1029 8124 5505 5013 5186 8947 8452 3223 5088 3838 4367 6901 5859 9697 3517
28 671 3505 417 5895 5680 1441 164 3480 9798 8988 1564 4344 7308 2413 6433 5662 6758 2690 3255 7547 6662 5785 1869 4287 2308 340 5002 7215
28 9155 7216 7611 4917 2966 408 5125 6274 194 5659 8089 5405 8666 5833 6100 449 6768 7578 8303 7504 5888 5792 2025 2667 806 2123 4708 7540
28 2636 7720 4507 2573 9640 2221 3541 1174 5935 7670 4921 6145 2463 5909 4213 6432 8217 5150 6875 3029 9684 1506 6289 1237 9642 624 2786 6301
28 4077 3169 7689 9052 6995 9165 385 6295 5510 3398 569 7009 2790 8436 3723 635 803 8171 1426 935 5762 1966 1841 5402 7107 3931 3038 2480
28 8453 698 5077 3278 7603 2167 9456 4134 2001 5068 3035 2370 3584 1223 7075 4434 5287 6739 8800 3738 8071 8010 8393 2618 9947 4683 825 8465
28 6845 7487 7694 3763 5182 7668 6676 6409 9499 9818 38 258 1321 9448 4776 6521 1848 1741 9597 6383 6196 2503 661 2095 6506 321 8360 6511
28 8561 2202 9227 1278 9520 768 91 1888 5861 5055 6586 8350 7072 5330 7238 6565 3319 5123 2598 5469 7954 6926 6103 3614 1634 8986 2957 1921
28 993 1896 1067 8130 1390 1076 33 8264 9220 4272 4544 3982 9278 3700 9453 3599 3890 5816 9846 9105 8676 4342 8302 4105 6972 7008 7322 7534
28 9872 3782 4944 6509 2841 6464 1243 9362 4889 4726 1168 8215 2833 7919 2837 3102 1403 3088 3263 9226 7913 9486 8811 4646 2749 1550 5551 5065
28 9742 7574 7011 9378 4784 5522 5079 2435 3215 6666 3277 8892 8722 2967 9609 9852 3805 5617 7495 4781 6536 5319 8818 7154 6203 5844 5953 7260
28 4974 523 2604 8049 5574 3267 8569 8292 8642 615 9087 5249 1280 1873 2982 3343 8461 8491 8868 7716 8280 7933 5599 7713 9320 3138 8387 531
28 8724 6152 854 2140 4152 3537 5228 3934 1871 8689 3797 6976 1490 3568 5804 1567 1225 4404 992 7571 3523 6548 113 5582 2170 368 3918 1596
28 2452 9417 5865 9785 9627 4030 3205 106 9436 3813 7802 5770 8345 4813 2237 3073 1495 9156 9429 8473 6805 3521 8243 2626 843 6823 9296 5674
28 9890 476 3579 2640 9772 53 319 3984 6331 5856 2011 9855 3415 5839 9547 4207 7218 6039 7783 5625 346 2443 8576 6011 3993 7729 6680 6576
28 3123 6347 8431 6032 879 7158 2591 9725 2542 1423 7328 1172 8352 3377 1052 6119 3013 5131 9901 5421 1617 8326 2883 2261 8376 8918 3403 1298
28 724 8590 702 1700 4655 5126 7605 6470 4263 6412 881 4284 9280 6892 1453 7700 3376 6476 5468 1065 1078 6254 7998 6324 1881 9505 8768 5486
28 7901 8447 7979 7798 3536 2569 7944 7392 8469 4679 7122 2076 3629 9207 278 9823 4310 5038 4991 2676 4816 7902 7228 1576 2514 3840 3769 1651
28 7883 7343 9951 1499 931 221 402 2541 5802 6188 3825 9497 7157 7346 6448 9098 7248 2319 591 4606 9114 4403 2294 6832 453 3072 1001 7774
28 3815 1893 7329 1926 6444 1165 320 9762 5822 4888 2260 4892 259 5962 5104 4727 9596 1338 8138 6525 1979 8075 7048 3237 4811 9869 7399 7652
28 7256 3775 8513 2003 2747 3722 6990 3195 8638 1096 6893 2124 6719 4417 6175 5076 7438 6938 9083 3969 9638 7224 7287 6251 3959 3719 6038 1635
28 3256 534 49 8282 6313 9391 4282 2499 6740 7876 4504 5289 345 6544 1517 6607 6963 3056 535 5929 9313 3572 8045 3661 8244 2789 8216 8395
28 6638 7096 1140 4 1241 4252 4298 8076 3887 5322 8943 4002 986 2428 8550 9507 5242 4868 9016 3965 5089 4209 4733 859 4840 3349 4963 470
28 5500 8440 2777 7230 4126 1760 572 1707 8262 6256 1228 1585 8278 6345 99 4328 299 6110 7710 562 2240 114 1583 4407 8409 3467 6974 7559
28 7822 6683 5898 460 2013 6379 513 9310 7680 3565 3603 6585 225 6716 9712 7196 7437 1450 2362 4663 2471 9318 4326 5812 9778 4257 6390 4659
28 8315 3533 89 9130 3845 6985 6267 2322 5821 1872 7275 8824 7312 3944 5786 5827 8158 2684 4499 1090 4029 296 8690 6201 891 1255 7806 7756
28 9696 6785 3339 3306 1123 8651 9477 2027 8042 5222 4782 2020 8115 6996 7018 3400 2200 6759 3245 8930 5961 9972 9637 7711 4026 7817 5779 411
28 8407 8835 9131 7161 6005 2801 3079 2247 1326 6606 7082 2923 3094 1661 6338 5731 4406 6939 7373 4142 7530 8427 2732 8043 2834 7801 2386 8009
28 6891 3482 8565 1614 9484 1612 5138 1167 9870 8325 9127 911 3926 6044 8882 6653 9674 6417 4894 104 2621 7301 7376 6408 3041 9748 946 1508
28 9284 6720 8481 3746 8237 5360 679 794 2788 3229 4047 2825 4930 7298 2549 4737 1376 3329 7083 1334 5364 6316 9201 1594 3779 145 9995 7162
28 4469 8339 4091 5109 7383 163 2129 5302 8874 5366 4774 1214 1972 32 713 1456 8333 3473 8459 5563 2764 9205 4038 634 31 6883 5178 2497
28 2652 6931 4068 817 1260 5224 630 5772 8458 2230 199 67 6010 1046 920 1383 2425 1710 4441 5858 9062 8905 3713 1815 7100 8236 4254 6632
28 8709 7946 5914 2252 6869 2992 5916 8581 1370 2286 9593 9750 1262 2817 6072 7778 8837 7079 3973 6372 3413 8729 1811 7647 480 8225 7194 9932
28 9814 7222 8400 2037 9752 3731 308 6874 6584 8466 1000 4212 9311 7344 984 5026 8843 3754 4987 8612 4536 9061 3084 105 7050 1801 2530 3143
28 4801 5608 1192 3735 8471 3881 5637 2310 8004 1218 4435 8335 6951 4602 5346 8498 1013 7476 8674 4731 4445 7905 4850 9713 2501 1270 7270 6441
28 1187 6425 8781 9559 6681 4639 9864 9437 6230 313 7039 9051 8826 5994 3753 4549 8414 8186 9294 7372 8467 8030 7714 44 4412 4548 5365 8385
28 1577 3119 5511 4436 7992 2053 7110 2728 8700 7291 9575 2539 3685 4011 6846 388 4054 5246 1400 6034 765 298 8510 2248 8987 3161 7654 1363
28 5798 8366 1983 6925 4629 232 7800 2158 2846 5121 9012 5292 5691 9217 4177 8200 6628 5495 463 2172 1663 5902 1108 5173 4682 2400 6650 8629
28 6669 5241 1037 5534 4156 7203 3997 927 670 9973 4243 9809 2977 2171 3692 1536 7829 7428 179 6937 1475 2162 632 7125 6358 4793 6830 7577
28 6330 4390 7394 8950 2930 7488 5433 9848 9531 2799 9412 7554 9250 58 6706 3129 2290 801 4016 7446 7113 3022 3066 6943 6447 8070 8819 5208
28 3233 3171 544 273 5086 6280 9394 1657 9327 790 560 3975 9287 6836 1894 2219 64 8495 2208 9271 7391 1912 9620 8533 2706 9452 5042 3386
28 8595 1062 7638 9811 5448 3318 956 6538 2892 5397 1548 1618 9068 3003 7044 1840 1632 2029 6685 4206 7454 4121 4783 2257 2572 6755 7978 4171
28 9211 8523 6475 4219 6922 4530 3335 800 4885 3545 5096 8801 1147 3028 4332 1927 4164 248 3142 3357 4772 9652 7019 8343 4580 7966 6264 6835
28 4616 5756 3640 2350 4716 1133 3272 2021 4413 7190 1899 334 6809 7112 8362 1272 3113 8269 1087 4211 1902 6355 9813 3943 860 3101 6561 1911
28 7760 5049 3643 9079 4084 3049 745 1149 9658 1852 4844 3290 4410 231 2077 3409 3359 7040 3714 5979 8881 1586 6659 2976 9023 3758 4585 9478
28 804 1468 108 8083 9263 2138 7349 4205 4831 7268 8889 8106 1544 178 264 2315 2292 4812 774 4333 5264 5217 5686 1209 9613 5372 7805 4576
28 2417 8657 3260 6382 6815 6580 851 1411 5090 1431 2062 3020 3011 1401 6624 9119 3571 5554 2665 2742 7736 8451 2434 2214 2448 6776 4956 4916
28 7995 1060 6664 7707 8615 6452 1238 6615 5235 9690 6672 8189 8752 5093 1068 7795 1346 4143 6777 1284 7311 8127 3438 4961 5870 3958 1738 3952
28 8644 8152 8797 5668 7177 9831 1009 8517 1132 4163 4818 4100 5198 3828 8926 2034 4470 7103 3372 7170 8209 7658 732 8522 5231 9615 3472 8694
28 6603 9850 3302 9175 6000 62 6167 9059 5183 7614 7906 5661 2019 8149 5114 2708 1351 1265 1043 5893 7303 9945 4270 344 6495 6821 9555 9837
28 5160 2795 6778 9702 4009 7016 365 6215 848 5508 4657 5768 5874 9411 1664 4815 7365 4305 7963 4269 4563 2588 1277 9576 7090 9071 3159 6065
28 2146 839 9787 4311 9790 7185 4015 1420 409 168 4153 7596 2686 1968 9716 5790 1906 7628 6682 3809 3032 6917 6887 7332 8165 4998 5930 5211
28 8372 4433 3312 6983 9428 1236 9315 3243 4931 5070 3494 8769 3136 1452 234 1571 255 3880 5444 8048 4558 9631 2896 2269 9579 5507 4685 75
28 1753 766 276 4966 8439 8293 2096 6919 789 392 4990 5395 3771 5132 2251 6726 8133 8900 9239 7940 6144 5190 4993 2885 2712 1079 7608 8670
28 7324 1424 5942 6459 2395 5744 7988 9495 1610 1189 3431 5347 249 2114 9290 6323 3552 4389 1582 3736 3862 3627 5091 4571 3406 1891 9544 2254
28 8698 4060 5476 7699 2144 9825 3300 8256 8182 4241 9908 3453 6024 1170 6743 3939 5884 2026 9911 944 8173 7501 1374 1287 439 5960 7422 6804