5 213 242 141 293 257
5 271 12 256 206 151
7 259 156 265 59 272 94 2
9 180 75 68 112 288 135 208 132 183
8 282 10 181 152 126 49 274 130
8 296 185 196 106 154 1 153 175
9 0 285 114 101 201 43 233 178 149
8 95 243 119 98 104 143 77 247
7 111 219 205 155 123 84 165
8 216 121 11 16 67 228 240 173
12 212 127 96 258 48 25 223 142 71 97 189 169
12 13 290 63 244 170 89 131 289 297 69 9 211
9 161 260 214 140 83 292 252 37 278
11 54 85 284 73 42 35 266 78 215 262 52
9 80 224 50 207 70 138 145 47 229
11 249 15 245 204 295 27 190 287 250 176 194
11 116 226 21 146 197 237 283 81 5 30 279
11 203 107 39 241 177 160 124 238 192 120 186
12 294 148 273 19 281 14 209 61 139 20 182 251
12 276 74 217 82 298 269 6 248 31 55 100 46
11 103 162 125 174 236 163 235 264 280 231 270
10 92 150 113 102 202 158 76 255 51 17
11 62 105 277 239 157 23 147 90 45 115 66
8 133 218 32 40 195 93 118 291
9 159 60 79 91 28 254 109 22 199
7 144 18 200 188 128 3 191
6 136 198 232 29 26 117
5 227 57 129 230 253
4 87 171 44 268
6 167 164 58 261 64 86
5 137 225 187 172 122
6 108 72 210 38 166 222
6 88 220 193 56 267 53
4 41 8 246 263
3 184 4 7
3 110 134 24
2 275 286
2 168 299
1 34
1 99
0
0
0
0
0
0
0
0
0
0
0
0
0
0
0
0
0
0
0
0
0
0
0
0
0
0
0
0
0
0
0
0
0
0
0
0
0
0
0
0
0
0
0
0
0
0
0
0
0
0
0
0
0
0
0
0
0
0
0
0