35 8671 3729 5670 6755 370 3248 1379 5186 9435 6119 5961 9615 7329 5071 6896 572 6264 9099 6074 5850 1247 5440 2836 4372 3099 9835 3778 852 696 9199 1248 9502 8521 8552 3640
34 4622 9689 7902 9607 5986 6470 7771 1533 2650 9855 2048 9128 7278 6071 5034 5429 4130 6492 2492 3050 4495 8107 3793 4162 9040 8100 7258 975 5798 7830 3545 7725 7135 7154
32 9004 1954 630 9189 4733 6644 7479 9829 4818 9068 232 534 5003 85 6630 9155 1461 631 8011 4194 8234 5207 2386 346 3787 423 1610 1413 2499 7813 5840 9175
37 3164 5502 4017 539 8375 7715 6719 6436 4981 2405 3190 565 4656 8254 4476 8363 9948 1360 5650 6751 1591 940 5941 1105 1249 6530 2578 4821 8079 7756 175 2175 3183 1010 7068 4229 4368
36 5193 1091 5246 2013 4370 8404 1381 9967 2213 7383 7747 3838 5472 7389 134 336 1982 926 6260 1117 2215 933 2106 6167 9223 3339 5439 6893 906 9132 4930 9000 7319 9518 261 583
35 8817 6057 7254 2516 574 8505 7431 1312 9681 9386 9288 4426 6158 155 1523 67 5633 9987 2925 2176 3726 1886 89 1026 5399 3141 2307 1147 418 6186 2431 3556 96 5148 4806
37 6143 1227 4424 7066 863 6761 6066 4376 2088 7499 8590 6365 9542 9407 2421 1794 6985 5947 2895 7973 7411 1137 9780 399 2336 3692 9686 1694 3869 8425 710 663 1541 1345 1183 6121 470
39 6402 9663 4198 4731 9269 6371 9954 2686 101 651 4326 87 3451 5442 9366 1823 1460 6398 1629 8288 3060 790 6972 5598 1435 2128 1114 2980 8925 9957 9466 6498 9307 5467 2116 3226 7694 7165 5993
37 165 4889 5455 280 8697 4672 390 6295 3727 5880 3366 9724 6390 240 967 4442 4529 6686 3757 7727 779 7780 3742 4298 2090 4060 9978 4242 5065 6695 6438 2434 9274 4502 5314 4271 6819
39 1916 8174 8767 2636 9547 7297 7148 6378 2824 6261 7270 6485 8324 8900 7554 4299 4400 8716 5426 2296 6233 3062 7409 9996 1170 4820 2404 421 8681 7224 8403 5497 2741 6883 4585 3681 5445 5300 638
41 6163 9460 4258 6847 3139 8624 7203 9322 9218 7911 1455 3203 6109 3884 7766 7093 6379 8423 7030 8266 2760 6212 3276 3019 8230 5443 437 7543 2478 4087 5799 4287 9072 2947 2324 9636 2919 5192 6789 7617 424
41 4831 467 4797 6393 7283 9135 9969 5155 7534 4522 1590 227 2150 1441 3830 4943 5189 5685 8814 6813 2664 3012 303 4381 4196 8787 5333 990 4509 8687 8922 6583 1583 4928 1048 4575 7762 243 7953 6035 9926
40 2070 8599 3490 6385 3509 8844 5684 8366 5244 6569 5628 6473 6228 8233 1 595 3797 300 1077 3815 3224 1318 3794 7844 1625 78 3897 7051 1125 7974 4307 2715 4396 6931 8077 4075 635 206 2750 769
40 8830 996 9106 1392 5754 3812 2359 8102 7675 9005 2006 8805 787 1887 1399 3452 8934 8429 9741 923 2911 5835 7235 7706 6401 2891 3261 2456 5000 5568 1631 8287 7899 2449 8053 449 5132 4007 1775 1290
42 3273 7954 3701 4212 8106 2817 2290 3533 9213 3562 7446 7210 9064 3131 9727 8573 1635 1076 6704 3821 1695 2550 2717 4661 747 5353 1342 5346 9193 3880 7130 9071 2333 5376 4872 517 9011 2133 6865 4909 1073 8380
41 8386 732 1495 740 6142 8526 1245 7354 6577 6622 3025 4714 814 4784 5826 7846 6048 1521 4465 6093 1759 3028 4637 7100 8388 6790 7000 3031 7538 2585 5607 8383 819 9381 760 3534 1422 6108 3346 9165 5927
40 5256 916 376 7067 640 3503 7952 8909 4398 4151 4172 7827 6697 2811 4362 311 6406 2476 7775 5968 2974 4919 9968 8232 3834 9208 8584 4026 4969 9463 1634 6373 3094 8617 4118 2011 2039 8075 1411 8009
45 993 5352 8575 2199 1372 3714 3210 1393 3917 9698 6994 4135 3243 5983 8507 4225 8943 8536 945 524 4276 5609 3083 3435 5913 8293 702 7244 2773 2198 8126 4375 7251 9519 2969 7784 8626 3849 7624 6796 9887 8560 5470 4799 7137
44 2470 8021 7238 7355 7873 7779 537 4274 6117 3129 8180 2417 4200 7669 8029 570 1375 9420 2690 2979 2416 6316 8171 731 3021 248 4360 7765 9032 3546 8224 6294 5026 5103 2280 6064 3067 1031 1148 9121 3440 6124 2104 9239
42 7197 4811 4980 4631 9017 7896 5135 1738 2649 3599 5583 5737 3041 3064 3404 9548 6897 8298 6579 9768 4514 8251 49 1030 6496 2308 9033 3594 5833 1836 2880 8674 8196 6830 9253 9888 9051 7600 5716 6899 880 5923
44 8271 128 2865 2155 9391 7498 8976 6102 8274 9203 3434 575 7656 9543 3949 2638 4505 2586 4871 4078 4466 7266 2443 6731 8867 1620 3585 1546 5960 2857 8043 6383 4993 1447 2576 9704 6655 6982 1404 9380 447 5025 8874 8117
45 6151 2003 9798 116 9808 3214 8696 3491 1601 5572 1707 3296 2082 4951 8901 6263 7378 6767 1809 7146 4393 4577 1156 427 339 6277 7583 9115 3017 9268 299 7574 8477 1953 8362 7360 960 1229 2964 6426 6409 5591 9001 7943 4235
45 2625 2111 5265 8988 7452 2958 2447 7055 9453 2652 861 3872 443 9461 7513 3119 3857 2554 1291 743 8532 8218 1219 6003 9674 7200 2580 5223 1873 3765 7046 8497 4994 167 8431 394 6923 3173 3196 3871 194 8803 2277 706 2411
46 8720 7083 9257 20 275 5594 9582 1810 3065 4880 6814 5620 9200 5157 468 5438 7014 479 3355 413 9002 1054 9 9059 6290 4479 6563 2794 5091 422 5284 6727 4785 8394 2940 8802 2477 1140 9035 9550 5499 1028 5403 2959 9291 7012
45 6545 2987 8564 4181 8773 246 4842 1304 4489 6450 358 7291 9719 8936 3573 8041 136 9281 8121 7679 2847 2854 3848 6747 8010 8257 2923 8798 7778 9494 1319 6392 6519 5745 1199 435 3002 2718 4076 1934 8419 4736 798 977 1127
45 5773 1907 6804 4876 335 7660 6300 6010 196 6311 2253 4851 8374 4972 12 7579 9717 6787 7692 4531 7967 1281 6230 8331 70 6699 2241 6181 4781 8409 1905 4858 527 8731 2 7078 5781 419 4220 9365 9856 2197 9869 3121 9436
45 4045 4754 4635 5886 2707 4602 6551 7926 5247 359 7606 5531 874 9788 2647 6582 3722 8616 3386 6861 4705 9771 6629 1193 3850 5643 6244 4931 894 1371 4992 7011 4332 7138 1396 999 7223 3003 4402 610 9693 4755 1555 9706 9633
46 4963 3464 4679 1816 7763 4742 8605 1158 4262 8542 8452 4457 3522 3578 1211 53 5104 5344 426 737 41 4629 8205 3228 284 2024 4182 8408 2244 9521 4175 8983 7677 2042 9670 5696 1741 338 9123 980 8529 694 8220 7924 3581 7160
51 3479 9050 360 7963 9690 2194 7158 5280 8911 5978 6058 1567 7745 1482 3895 5599 4738 8978 5123 1606 108 2532 1003 2058 9186 9324 6144 9205 3744 2985 210 2073 4248 550 8710 7186 755 5748 4469 1516 2412 8884 9886 6022 5837 3469 7129 597 2340 4596 9822
50 2272 7523 8133 3407 1729 366 7732 720 7181 1515 2561 2338 4351 4782 3442 4094 7862 7481 4816 4588 2345 992 8941 1434 2774 8647 4899 5944 9759 3082 361 7979 3664 199 5483 5715 3437 4761 4641 4255 5409 7893 7539 1139 269 4213 4005 6320 8435 7607
48 5749 6743 3325 5261 8343 6077 5156 1284 4209 4573 398 5480 9338 9900 7462 8372 921 9964 6162 891 3687 4603 5681 6046 1165 4568 6080 293 1829 9374 8721 130 7710 5739 3887 2683 7972 9069 8520 2556 1574 5726 4638 3275 2788 1315 7936 6517
48 2870 7477 3741 6597 9478 5474 2761 9803 6826 851 9845 9517 3320 9204 9818 1612 1668 44 9174 8061 2035 2089 8003 563 4539 5994 4716 5580 3856 982 3264 5337 5357 1537 2841 2845 1355 6656 2074 6797 353 6494 9184 2771 7352 2850 9094 913
49 9758 6986 3875 6251 8460 6590 2081 1971 7323 9041 7522 2402 4205 6514 2849 6214 3475 4179 1960 4883 3377 1231 4668 4358 3098 9867 1279 774 4339 9079 7269 1377 2083 4452 3415 6210 4766 2000 5239 6037 6081 6321 2790 7586 434 1888 6123 4906 7217
49 9192 624 9096 2933 5418 9134 7469 1157 1478 816 9448 8489 1851 8726 8463 824 854 3476 7020 7991 8812 6234 4687 1944 5444 504 4996 1568 247 4713 1798 3051 2766 4413 2688 1608 1553 1757 7668 6720 2132 6009 1013 2314 4059 6567 9622 9546 7828
54 8253 4823 458 3852 9479 5814 8949 1006 6742 6240 3882 5231 6411 4526 476 5757 2639 4460 2544 7970 7338 9246 5772 4934 6033 9600 3547 2787 6075 4987 1681 1000 8804 8500 3353 2978 2242 6998 4548 6454 714 625 3908 3677 8294 9631 8276 1632 7611 5078 8559 8620 7073 6420
49 3694 114 5329 120 6914 5203 4154 9923 3034 363 8958 4323 6357 2461 7909 9739 9614 8914 2906 6703 8993 636 9935 6060 1081 8094 5308 6858 1981 5321 7374 9201 4051 2022 5079 4581 4533 5807 2206 6478 5736 2191 4515 7708 2178 2542 1228 2757 7007
52 3001 189 1214 2225 6016 4016 9285 6643 4948 9373 2064 670 6012 4986 9097 8135 3221 2604 5920 8176 5407 5615 6841 2014 8579 6457 7010 1042 9450 1918 9667 5847 5621 4015 5185 1222 7509 3758 5945 3311 9301 5644 258 2007 436 7346 7331 5871 367 2214 5153 9844
50 2916 521 5933 2231 393 5085 838 4455 3540 4900 7713 9743 2084 9611 1022 1940 764 516 9716 7141 8999 7121 6667 6092 962 7368 4935 5296 4486 9928 8130 5789 1159 7453 8724 1418 6993 4564 6735 5198 8955 2453 3792 6381 1818 4042 3153 8012 5463 7678
47 8906 8972 2161 6297 7937 2185 6040 9452 9924 8832 7220 4301 1035 2702 895 2784 50 107 4254 9403 6141 4862 8499 2165 9511 7785 4698 6337 4115 5524 1479 3718 4970 1609 8719 5538 4270 4924 3645 1109 3111 9983 585 6641 581 5640 4822
52 8669 7 6090 8096 1017 5288 6375 8550 2955 9498 8541 5125 8779 4403 6675 4666 7108 9508 3176 9173 1526 3130 4770 3073 98 3488 9910 3894 545 7405 3132 7308 1027 7213 330 8665 2861 2708 5233 1192 4170 914 937 2659 7815 1883 7379 6293 1368 983 7396 3263
49 6811 3161 2970 6200 4964 347 2762 314 9344 5632 8329 1743 5469 3688 6094 2077 7239 1676 1972 721 4253 3985 4521 8833 4144 2491 8957 2885 9107 4995 3835 5973 4692 6701 6296 580 3743 3394 3632 8544 7252 2071 637 8511 7529 8850 7597 8752 164
51 9194 741 9493 1066 1059 6237 3159 5630 2803 5616 63 4176 6113 2643 5821 842 828 5617 6775 3956 9770 4918 1572 3232 3618 9799 6364 3284 9170 5585 9400 8132 5044 9111 9504 7236 4009 3565 5992 1511 9828 3754 1745 4771 9145 593 7105 4041 4966 5175 4122
53 6587 2157 745 2996 9585 3774 3297 4775 7178 3673 4681 8162 8604 8032 997 7764 8569 4063 8845 1943 6639 7212 1861 7931 2904 4839 1949 5820 5679 7263 5082 4566 2127 2685 3307 6950 7458 193 3748 3103 6462 7505 2530 826 7613 3187 8349 7961 4905 3385 484 1828 8483
49 1366 5893 9577 727 3426 1421 8488 3904 308 5068 7185 847 4033 7388 2777 8097 1834 5918 5970 8256 1337 6891 9526 9740 5136 4689 8039 7305 9363 6898 3822 9620 2727 3194 3818 8201 2752 8193 4227 1269 3634 7099 8565 328 2934 6099 259 7395 7886
54 4387 138 7110 1063 1781 6900 2504 9278 7009 4335 2611 7947 1034 7116 2912 5326 8627 185 3342 873 9879 9997 3686 8112 6045 9558 699 8733 2535 5491 2295 7298 9393 4070 9022 7737 979 143 1112 6245 9599 8869 2709 5428 5298 7592 4594 8570 936 9777 1412 2310 5496 9182
56 959 7070 4985 505 8370 8498 6187 4034 4202 2678 8273 6051 9837 1133 8049 7156 2963 6453 9454 2435 489 1731 2710 4877 6548 8828 6540 9731 6974 8956 8792 4913 8864 3638 8863 3364 2019 9852 1876 109 32 1021 5741 7542 3702 9618 4532 976 1483 6846 368 2776 316 758 4610 7318
53 3117 8247 5414 3163 2433 234 8611 7507 9589 1354 6845 357 132 6607 3720 3336 4667 2343 3760 8512 8084 2594 503 5106 5335 2096 6922 6324 9102 345 2984 912 3873 3253 3912 6013 5728 9061 4704 4891 5126 1621 2306 9337 5839 4342 7817 9914 5365 3382 8159 3497 3300
54 2691 1347 2982 9805 9703 7025 6968 8270 8487 6421 2509 7847 4216 3616 8002 8530 9725 5810 2725 681 3721 7687 2813 5549 1466 1825 8962 4853 9484 5600 3384 3396 4640 5330 2099 7199 1326 7879 1129 7419 348 7261 7604 9095 3710 6698 9792 4547 5069 4828 1576 5057 3453 3208
52 4660 8473 9532 8229 6595 6766 7933 6776 4461 8897 8384 8479 9044 8840 9066 6647 9300 9998 548 7906 4856 6073 8742 2173 1019 8342 6114 7649 6817 5447 7366 7913 9520 5977 9897 8054 2998 8602 6515 312 9464 8240 2362 8059 3251 667 410 8028 2030 8944 9370 7550
57 3254 8250 2284 8101 3 6806 3842 1705 3201 4645 4855 8042 5936 4419 4620 4700 166 8551 7569 3898 8381 9083 9472 795 466 1692 654 2409 4186 1209 2458 1038 1711 1654 1198 1087 9108 8965 8513 9070 2676 9646 354 915 1662 7127 5486 1101 7651 8340 3023 2626 8360 55 6333 7816 1664
55 526 7796 5184 2240 9167 567 8317 879 4273 16 2468 6208 4014 8639 9237 2822 5087 2164 9232 661 2454 9248 576 91 6183 4167 4103 8670 7460 201 4773 9409 5305 4282 8226 5753 3395 4859 1615 8456 3963 7142 5235 6586 7793 7133 3429 2008 377 7742 5698 1563 9345 7172 7670
54 2749 6286 5114 3069 5216 6610 4611 1141 5883 4613 2419 6571 3408 7225 1216 5272 1831 683 9052 3334 1948 2829 6749 8896 2131 7840 4524 3058 292 2258 970 6135 9036 4237 6025 6467 7782 7801 981 6285 5919 3719 249 5215 6471 9941 4079 6355 5293 869 4590 8793 3855 4150
56 5946 7053 5851 4291 6620 5655 5227 9528 725 7724 1945 1685 131 4267 5803 5603 9921 8829 5626 4516 8297 6070 2394 8146 9321 897 8163 3052 7751 2297 356 2028 2274 6646 7247 7249 609 4473 9864 2489 2798 8967 552 6860 3379 905 7655 7391 9789 213 1180 3124 8886 800 4268 1425
54 4657 1967 4210 1993 3649 4707 5629 9451 2712 8940 4669 4795 5050 1600 2863 7752 9993 2634 5874 7333 9214 5515 9299 2632 5046 8747 2108 3669 4058 6281 7164 4327 3145 6880 3333 2525 6188 9617 4203 141 3436 7928 3749 5506 4512 8200 1703 4192 7528 7855 9870 9019 5310 1177
56 2892 888 1624 8651 3375 6278 170 4347 9507 493 7576 8882 302 8161 7418 821 9018 9429 1374 7553 3891 7031 2621 2315 8438 9594 2303 3188 6648 7024 3755 1487 544 2730 9669 1653 6801 957 8400 1773 4758 4812 5194 736 9586 8214 2441 6615 643 775 7755 2086 1043 2252 31 3630
58 4719 8078 4788 7977 3231 2249 6310 2029 6213 7770 7738 3146 4169 6298 7018 4226 15 11 7581 6882 6566 9793 9890 3715 588 3335 2705 473 1589 209 2957 7993 1171 6465 4286 2271 8258 4915 3611 307 8785 9537 180 1065 2981 1894 3262 8717 6352 4126 6254 2377 5570 6031 8211 5648 6369 362
56 9055 2670 5959 6724 7716 9008 6076 1626 5902 4825 9726 5370 5451 8952 7277 9973 6827 8015 8450 1203 6976 342 1287 6784 3152 2518 267 1877 9211 6536 2123 2285 5667 9342 2720 5064 3487 8261 9043 6777 8335 7163 5950 244 9120 6916 3134 4805 1463 9712 8283 8794 4752 9279 590 8769
60 6969 1166 9854 3828 9141 5066 2207 2517 8644 1500 3298 3602 1339 3006 4289 713 3063 2372 5925 2942 481 233 8862 6039 8339 1898 1639 7157 7700 1468 8215 3213 65 6400 3045 3417 8259 9679 4927 5534 215 3886 5637 778 3604 99 3647 9258 6202 5230 5990 6557 6152 3246 8269 9117 154 1536 7634 6664
59 6199 6194 8545 6909 8014 2809 1964 3959 4694 2951 6835 7205 2557 4911 508 9359 4627 5219 1473 8491 3974 5738 1811 8475 7672 4890 812 7632 1508 9713 8937 4921 3932 9606 9813 2896 3612 7749 8008 7211 7195 7786 1493 3684 2162 6857 886 9933 2568 6334 1023 7347 3309 2770 1225 9873 7580 9183 5210
59 7795 4456 5658 1830 6259 4956 6055 8424 8249 5989 431 7054 9216 1033 6715 1661 600 9705 5942 6977 3128 9084 3926 881 9379 7854 6043 9289 8127 6756 2033 1565 5388 9538 5733 1474 8991 5338 525 4382 8051 8169 2222 9497 5765 6726 4677 4895 4083 3643 5109 179 6657 3589 6708 3631 4937 9779 8932
59 7182 8729 5493 5768 5999 5473 8578 2700 6168 542 4708 7547 3403 6988 931 5614 925 4256 6447 2616 7960 7262 277 1726 8959 9922 3162 6218 8728 9490 6689 4861 6065 5801 3155 1586 6525 829 8145 8588 783 3836 8780 3525 3703 6739 5636 6723 7340 3076 3225 3918 1975 3474 1603 6134 9025 7039 4721
59 47 2484 4551 2540 7966 5142 290 2140 253 8080 6722 1449 6164 1357 9357 4032 7530 5818 7921 6650 7356 276 5174 2879 1927 1278 4352 6556 260 973 7096 4068 2367 4218 7176 7228 7609 401 2541 2018 7776 6138 3788 4511 1998 9541 9251 9625 5162 6184 9752 408 4190 9467 371 9465 4269 1658 8280
59 2281 7088 313 7614 1512 9220 8753 7401 2180 6869 633 3924 2260 4098 1789 6098 9673 8531 9474 7109 4390 4406 6884 4445 5295 6864 6611 8596 2275 4787 9849 8811 678 156 9576 9139 9685 9557 3454 6067 117 4195 6394 4953 471 2228 5101 8954 3672 6799 5574 6273 8222 5665 6431 858 2067 3771 2364
57 297 7560 4116 2526 9650 4440 7836 5876 8856 172 8348 3841 791 1070 8847 3993 5868 6464 1919 5092 3332 4520 5360 7515 6403 8688 8027 266 5283 1317 2076 4892 5522 2990 3653 1044 2613 793 2390 8528 5526 7139 3654 488 759 176 8405 3560 2694 1164 5206 6876 8977 1311 3878 5205 8167
60 5595 7013 5793 6354 1270 3940 3303 8024 1472 6793 7091 6112 5934 698 3091 3494 3657 3506 4357 5782 2948 5543 8668 4318 7500 6458 6521 8583 2392 3500 8265 8426 4574 608 4945 5401 6759 5145 8493 4433 7743 8158 3527 7739 9682 2001 3961 5802 511 3447 568 1197 7922 3784 9628 2587 3583 2581 7697 7233
62 8023 9878 1090 256 2546 1796 4411 5729 3127 9153 1987 1015 1790 1153 3997 9593 8960 1072 3991 6096 2495 8548 4836 1262 1134 7149 8071 4621 3421 7420 2219 8822 2973 7040 222 1846 7695 5552 4608 6248 5392 3242 9786 7082 6877 6844 5766 9058 1075 3227 133 5708 523 6802 7427 2976 6349 2779 686 5688 6959 7198
66 6995 5940 1458 5718 6459 2732 1538 9596 8228 3467 7790 8861 1453 2261 2355 9812 9763 5465 1445 8187 3075 4959 3100 4746 2887 2884 5318 6175 5097 4146 7466 5824 5518 8825 4155 561 7915 6920 8646 2972 3552 2080 9062 709 1784 697 8212 4869 6126 892 2380 8666 4908 6346 7646 7059 7162 587 9661 6516 7102 5903 6663 238 5433 2956
64 6936 6339 896 1841 145 6621 7447 6820 4865 4628 2877 3968 2196 6363 8592 4322 4378 5022 1476 5163 2265 9626 1040 4474 7605 5759 6570 1111 9718 2200 5094 2747 7303 9894 9563 9942 9073 2838 7566 647 5811 5128 5588 6166 5363 9761 5422 1969 4768 7501 592 7435 7189 642 8433 9195 9330 5127 3480 4850 4345 8221 6528 1122
63 3777 7456 6592 8244 7444 9054 9468 221 9425 5605 7465 500 6410 432 7478 3093 8323 7371 6559 4597 9575 5402 6223 2349 515 3504 5475 1826 1152 899 3559 1095 9441 7721 4902 6104 3234 3660 3390 8307 7506 8144 1549 7372 2254 1914 291 9318 9764 6241 7994 3734 82 8990 4315 9078 4391 6888 8445 34 6482 2764 7345
67 8415 9329 3975 5704 7856 2291 384 1256 8702 6444 5049 1839 8470 2488 5546 6235 1673 4279 3202 6461 6600 6274 2672 3027 3514 5151 2059 2292 1819 9424 9358 9476 2429 4159 4031 229 2105 4443 8806 4709 8494 5009 9326 5997 6934 5912 9794 5421 4536 4110 3807 3530 703 2052 7028 6509 1801 1714 5213 5668 8284 2789 9647 8676 2026 4654 2898
64 4275 5462 5307 3289 6692 4261 7324 3548 7003 2247 1309 3178 7294 682 5287 9428 6466 8255 7037 6674 9980 5255 4808 4600 8202 1897 2510 8289 8913 9995 2121 7633 4266 1547 6733 6001 878 5240 2342 9696 4178 835 9581 6432 9825 7390 1525 4428 2656 3907 8870 4334 5523 8948 1403 1074 3499 5311 4664 1968 3055 4867 4498 1783
63 5879 1736 9397 3564 3900 9936 8749 9265 950 203 9470 3167 900 9349 3980 9140 7304 1701 2167 5048 169 6169 5182 9109 2571 2658 8462 6928 1327 9601 8663 5236 4802 3587 2536 5601 9912 4140 1929 2466 3511 4157 152 3698 6542 9745 4101 415 656 2122 1123 4863 2148 1924 61 6783 7934 514 3883 1014 9317 6416 3747
62 6510 907 2192 1297 6867 8123 1064 6960 1930 4983 5631 4553 9641 321 2529 3691 4619 2130 7234 2354 6947 4847 918 5859 4435 2875 9160 4086 9432 8026 5527 1642 6343 768 7321 8907 9306 3326 6338 2498 9992 2758 7731 5259 5332 6585 7047 4893 149 4541 6475 5756 30 4540 3543 9637 4873 2327 5038 5377 5134 1644
61 4215 8969 2046 5152 73 5237 8577 4879 617 105 8033 5706 6736 343 7657 1860 794 9624 3768 7733 535 2049 1224 3486 3206 5477 559 4388 5979 2360 4878 6439 9207 4028 5550 7741 9282 4361 5932 9030 5028 1623 265 5846 4380 7041 6961 9747 2944 64 472 5558 669 3930 8465 147 3207 9642 2607 8781 3859
60 1912 3646 3582 4311 4767 9821 601 1785 4350 3658 844 7996 5533 577 8263 5714 4501 1889 6807 6837 4197 8359 2326 2527 4576 455 9804 9414 1195 7171 6895 2902 1426 5275 7339 1723 2060 3318 3018 7834 5863 5158 7618 8815 8725 3260 3406 2637 8690 7629 1920 1451 1835 9757 901 420 6116 6808 9286 8503
68 2595 6765 7885 7006 772 1719 1277 6469 8081 5852 5682 5581 8836 831 9488 5770 8762 1050 2552 7929 1274 8186 9531 5509 4173 7890 1535 7556 452 6825 9668 7826 6581 4397 2135 3096 9903 549 1996 6716 6702 7735 3189 994 4530 7988 5479 958 6628 7215 5735 6429 397 8092 4453 5111 250 2494 1244 9089 2328 2528 4062 6242 744 1258 5297 273
63 2739 2886 7375 6955 8134 5017 6028 6434 3087 2986 2610 4559 6554 6291 3000 4955 5359 8903 7243 9375 9430 2031 6302 9437 8894 7821 6588 6120 8192 3927 5930 1895 3216 4385 9925 6502 5901 7823 7123 1989 3317 5861 5578 2172 1293 1965 2410 7021 5202 8756 2547 1848 5112 8448 6738 322 7512 6474 6038 4832 7382 9986 8124
66 2075 2848 3267 2374 3567 1106 2203 3080 1733 8866 1051 1131 9795 412 1682 4543 1352 1670 3579 4149 8038 6562 8437 2184 1098 1980 5178 2170 3541 1665 7314 3798 3398 38 5077 8368 849 1700 2204 8581 4534 7487 8527 7451 5914 102 1524 9027 8115 5234 2805 4690 7364 8421 3736 1316 6624 1689 4263 2837 1770 7404 4217 8235 785 3667
66 4236 5431 2483 2243 3015 1464 8143 6052 400 387 3049 5004 7307 8310 715 8823 8924 282 666 3287 5956 1527 934 659 3347 2977 7049 684 8737 4572 7455 4112 4020 3199 6342 2179 7153 8314 3628 9775 522 4395 8469 5974 5762 8385 4711 464 8432 3935 3766 1867 1793 7387 1528 6368 4319 680 8743 1295 9148 8378 3566 162 6910 8382
66 930 2208 9489 3185 4309 3521 6159 6842 8801 7128 6711 9721 403 9014 8048 946 6227 671 8142 8062 7570 7084 4247 4701 3661 3613 6714 3655 2840 6907 2873 9276 6196 9938 4374 9590 5023 1475 9256 2363 6489 7603 5356 4769 3817 770 3168 441 867 4747 4123 6921 83 8689 7284 7938 9238 9352 951 2037 1385 2515 5805 9898 6353 6535
67 6395 4295 6889 7118 1200 9815 4365 5904 1974 2931 7410 5412 2442 3800 6129 5908 7204 7599 4605 9859 5484 1045 3249 6386 6696 5362 2737 7532 1477 6721 5896 5713 190 9260 5651 6276 5532 5627 1363 9892 1187 9947 8125 3588 2666 9953 4809 856 2102 5511 6376 4152 3759 7883 1941 2506 4614 9332 1470 3209 2268 4125 2439 4998 9784 718 6391