140 6689 519 4618 7475 7499 2576 5424 5716 9799 9207 5027 394 677 2424 769 109 7471 583 2784 3459 1984 5996 3196 9320 4959 5205 1630 8484 842 5112 8338 8521 697 4050 9628 1489 1994 2635 9769 2245 5422 665 6196 1631 2600 739 245 2352 9944 9144 3646 9720 9408 5212 9328 5323 2874 8530 2841 8560 9195 7594 5642 8261 485 3862 4806 5999 3894 7750 4440 3573 2281 5259 9248 8524 6996 2065 7839 930 5966 8428 1810 4634 3446 6556 3244 3401 2699 9204 9096 8533 4916 3336 5128 4837 8005 6395 3713 8649 3568 4783 4740 2267 5195 1507 2719 7845 6992 8012 2563 4519 7509 8639 4408 480 7776 6390 1288 5399 9646 6317 4841 9931 1158 3335 4670 3287 2363 3984 1662 6828 6492 1019 8036 8925 757 1653 4393 2554
123 1066 3817 5335 8175 7463 4601 4346 6783 5860 273 4377 1353 8518 9698 3564 6115 6329 5769 4855 8425 5060 166 3239 4833 6457 2626 9602 4109 6916 5213 9045 7572 8219 7323 2681 1386 3786 8637 8112 1902 6818 5069 4958 3270 403 6493 3622 6425 1391 1896 4031 292 6345 1532 2804 9075 9950 9222 7301 8984 678 2884 1767 4699 6939 3561 1402 7805 357 6629 7221 6488 2396 3115 3391 701 806 4847 7447 4316 8511 5947 7865 1370 3201 1850 868 3658 366 1971 9783 3916 8942 4684 38 9086 8577 8109 5927 7855 7473 2746 1497 2252 2046 6546 9936 1136 6693 3931 6358 840 2862 8594 5974 2318 8684 8710 4803 391 8941 7681 2090
109 88 5497 6002 4094 2432 585 9626 554 5902 1528 8698 4008 6780 4143 2559 6924 6123 9405 9401 5535 5818 4742 5566 9696 4703 419 119 956 6338 1530 6842 4546 1527 6446 560 4986 3770 8981 4867 7117 9655 9882 3421 135 8228 6905 2395 4866 8136 3295 6705 4248 6930 3316 433 2817 6366 3565 4259 6179 2189 3912 6030 3070 4535 6469 6001 4619 4518 7541 6704 3382 7689 9618 8569 9604 6590 7715 4382 4313 5277 4444 7216 5585 7981 9217 2824 2521 6592 4676 4896 2307 1133 9014 4271 6496 2210 1903 3369 5592 8168 2821 4296 2909 3517 1293 6934 4484 2853
105 606 9888 5086 8310 2920 2020 9393 9020 7141 4056 8213 7849 5304 2603 4882 7704 5948 1372 9406 19 4665 9974 7975 3795 8823 6742 1491 6749 1647 6026 1557 4585 4064 8804 7232 2434 2482 5620 514 6579 646 4293 5076 7873 5040 5301 7305 2513 2452 3761 9074 4044 8621 2938 4264 9388 1125 1012 3842 3963 2041 9327 7505 8439 7820 7819 7598 4155 3707 8531 1196 848 6328 1063 5013 2980 7925 2674 7063 7755 6508 1822 5249 9343 3415 8499 8834 4795 743 9005 44 2170 4813 4399 8046 9032 4277 8690 1207 1972 4348 5449 3110 9637 8850
100 4525 8708 372 222 4307 8559 6952 961 157 6361 5881 8406 541 5875 4910 8629 8262 975 5089 3585 3148 7442 4920 2799 8236 671 2927 9951 8462 6893 1152 8324 660 531 7792 8644 8597 8062 3851 9611 5256 463 5569 6163 4787 9881 4515 4014 1048 4843 1834 8603 396 9889 8166 3241 7566 6861 997 3873 4452 8920 2988 7327 7738 9786 4890 7893 9261 8491 72 781 8362 3582 4466 6166 4023 6690 4598 4075 1483 6050 1425 9427 4129 3871 8267 7818 3378 8897 60 8648 3724 8674 9196 5407 4186 4185 20 8301
89 423 1305 9305 4894 6695 7861 2278 7965 5727 3579 3575 1605 2963 7116 1030 8979 9012 9805 7602 8146 6307 9871 9947 3616 8575 5554 6182 617 552 6871 64 2924 993 5351 6757 1886 3370 1692 9226 4062 8871 7564 8766 5519 3340 527 9884 3053 6833 8833 2614 5548 9510 2892 8076 4039 7549 1632 2590 7256 508 7910 5302 2325 124 2625 2775 452 2425 8479 3357 9432 6878 8002 7313 2224 9332 56 9717 4922 7824 4729 7281 7481 8802 5720 6458 6723 7723
87 6466 9409 7429 3103 2429 2313 8675 7435 5227 4260 9733 2711 7406 4414 2904 5757 4794 8346 9685 6900 6360 2235 1355 3124 9710 2570 177 4327 6956 9475 2108 7604 7698 6987 6909 1179 5473 2846 7949 8746 9300 4543 9224 3299 9213 1145 7939 4893 5180 385 121 3010 4870 5389 53 3212 5568 1567 591 3854 8392 9982 7238 6347 5822 6440 9414 3878 9905 1950 2391 9115 3683 5806 5413 9203 3040 8712 8138 8707 7105 7133 6271 8185 3087 2508 7111
84 2519 6663 6815 741 2571 9679 7188 672 1438 3951 9473 8783 4233 4873 41 7580 6747 6836 6316 5511 4376 1580 1222 3420 5050 3418 2930 2900 2045 3133 2095 4300 2386 1598 8928 3799 118 7339 7935 3673 6290 1840 5187 740 9150 4617 9902 5565 6829 1450 7326 851 9730 3195 4849 6712 7199 7022 2149 9857 7480 7538 7886 6394 265 4534 632 1278 7412 5942 4203 3275 4522 3950 1312 3734 729 759 3781 9776 4531 3664 3346 1254
82 4839 6277 1543 9514 2941 5406 3410 1407 3697 5113 2738 5510 55 6296 4935 8434 4558 3875 2856 4101 4318 6739 896 3958 7567 159 8093 3203 1101 2035 4247 523 4206 3843 7422 1774 2044 7178 2390 7384 8796 1345 6436 4878 2043 7076 1275 1974 7177 7616 3908 793 5165 5183 7868 5468 3933 6500 6797 7 9016 8060 2369 4681 8738 9212 479 3460 221 9200 9522 8196 9371 6448 4451 5368 2617 5266 1403 3458 231 2658
79 2735 4059 9707 2720 3869 6706 219 3546 1637 1784 6485 9166 2641 7287 2531 8574 6029 3067 5477 4223 3602 4544 7883 6764 658 3462 1523 922 4643 7474 3885 7407 2829 2077 3997 3474 7169 3328 2205 857 9027 8544 6504 6552 154 4903 7418 963 520 1072 4343 7652 4552 3479 8013 4067 809 5191 228 7545 7083 953 5972 6651 3956 7976 3274 86 5923 8744 8461 6789 1958 9937 9334 2185 8980 2208 1336
77 2465 3444 7040 8703 3025 610 1332 6139 1170 3596 2791 9768 3160 3461 7877 4170 6159 7312 3866 9164 832 9104 8118 8273 8378 5713 7236 9429 2314 3155 6703 1716 5009 1348 9208 6743 8079 8960 1509 3141 9774 2960 5958 6777 9983 5061 5309 8049 8916 7531 7107 8474 6926 9825 4037 3153 4674 9149 8567 6754 6400 5209 491 3886 6334 8232 5456 5735 3000 7405 6524 5476 8163 9517 1043 980 144
74 5018 6831 5235 2316 2912 6767 9523 3667 7687 1635 7082 3208 8209 9087 3105 892 6199 6718 3047 7554 4021 1441 3366 9972 4297 244 4195 7493 9496 4714 2179 1470 4266 2906 5715 6609 8591 7237 8169 5951 3182 1053 4805 3331 2789 6528 771 8250 6497 5921 5940 6906 6640 5641 4669 5594 9767 4216 9808 68 8781 642 3520 901 9850 1404 3002 5438 472 5253 8171 2659 8375 6750
76 3090 84 5299 1097 9003 3855 3236 7140 4885 2520 4706 5990 1121 8713 7574 2992 4246 3938 9419 9492 2919 5766 2250 9035 8042 4227 8075 9595 2665 9132 9420 529 6857 5163 5353 2341 8688 4045 821 5956 2137 8725 841 5552 7449 3628 5271 7128 3670 5488 5119 404 858 3834 3716 5328 9551 5037 3348 1798 9605 8255 4462 6273 3035 4215 8372 3780 9589 9243 4350 6533 4018 9766 1247 8131
70 5324 3156 5440 7401 5341 2828 8932 3276 7612 4583 5744 5808 9666 1200 3411 802 6392 7685 6068 3026 8128 751 9842 3732 3373 7197 9133 4564 8695 8164 6437 8101 618 4487 689 9114 1796 4217 6486 1197 4789 3399 1719 4026 9009 3841 2950 1673 7620 1270 5490 1188 103 7593 6195 1419 6105 7950 6837 8455 1120 9201 9241 7955 1898 5175 3626 4160 1157 5538
66 5970 8477 920 9752 7928 6843 6263 3197 8736 9187 4575 1593 7243 5393 6352 9511 6652 1667 7172 3663 2661 8034 1494 2810 6192 5702 4800 5289 779 1684 2945 8134 7573 3127 3924 7402 6733 9237 8361 3332 6505 2621 158 3806 4881 451 6779 2705 3423 5613 7369 8398 5726 9059 2878 4180 3576 131 3093 8269 2113 2158 2704 2130 9354 8582
66 4309 6807 4637 5445 9670 1227 1883 9347 8376 24 9137 2536 9813 8309 5240 4536 3424 1601 3542 6216 4749 459 9265 8869 6374 7822 2187 544 2479 6806 6415 7389 3556 5915 8025 9955 9571 3511 4457 4478 2688 4816 9344 8003 5421 1577 5149 9727 3037 9715 4179 5814 6007 8775 2294 6844 9446 1244 4732 7702 9759 4474 2322 7302 3897 9069
63 1209 9325 3607 2356 113 9291 7293 4428 7156 6110 530 2293 7465 2399 5892 3083 4396 2140 9316 9450 2076 2505 5853 1220 9165 5160 4211 5526 193 5411 151 9234 728 7812 7552 1266 4512 253 8415 8883 5155 3906 5448 4501 6082 8985 3509 8655 8145 7144 5274 2671 4545 5177 3522 9953 623 9311 9876 4553 5629 8371 9938
65 187 2135 700 3555 9283 7810 9411 4781 6558 2357 206 6450 6786 6804 5006 8772 6438 2497 9297 9546 8854 2640 2771 9632 4130 5888 9171 8125 3691 2766 8645 6920 7091 2515 545 5292 8159 733 4801 8763 6854 1501 1748 359 2268 3823 63 5795 3814 7740 5741 1926 3995 6623 2067 7814 6194 9942 955 8865 1952 7611 3286 2408 1038
65 7070 2949 4090 61 3988 6502 3249 7889 328 3024 5746 8382 7637 4225 9562 4410 3541 1276 4171 3190 8368 172 128 7515 2388 9992 8831 7045 1681 8547 4357 6888 9247 1069 7914 1988 5558 214 4106 331 6856 2183 1032 4597 4253 960 5784 8442 2588 5131 6675 5276 4434 4631 927 4905 3080 9309 4978 5874 6748 136 6997 3032 2770
61 5934 117 7640 5381 9581 6404 7129 7451 5856 3329 9274 9078 608 655 2787 3879 7548 5866 7411 9928 9809 4105 9272 1330 6587 4613 2863 7907 5033 3672 5567 8628 2956 7217 4323 8872 8317 2974 9994 3815 5200 2030 8811 8234 8776 9063 8515 4633 7617 6872 2833 2816 6289 5275 7138 7131 5939 3698 8308 1680 9956
61 9313 8640 9976 3457 4098 3294 7398 2106 2143 2511 3129 8351 720 596 1465 3058 9610 7683 1884 2304 3623 1644 3314 7034 5356 890 7967 8627 6799 4085 8993 4038 2190 7508 9073 3152 6655 521 1711 2584 4110 6490 6071 7995 6827 4707 7074 3383 925 705 937 1851 8386 9932 1202 2321 9215 1001 749 5606 5697
63 3549 5300 3149 6649 5402 3918 1609 5598 3170 9691 1955 5387 615 381 611 4007 4587 9033 91 3477 4776 4792 7208 5534 2160 2607 2601 8268 897 9378 9643 112 8742 9348 9704 7608 1469 4222 6079 8961 7961 281 2650 2701 3352 9995 429 3144 791 6568 4161 662 6944 7424 731 797 4861 4908 5398 587 1210 758 3857
60 4758 29 8420 3743 1993 713 9820 2838 4200 4437 9926 4980 1223 3554 2973 1550 1272 1263 9832 1250 1583 9526 1429 7370 3038 4566 3772 2228 52 1328 2526 1291 2996 104 2398 6707 9188 6532 8400 7254 4456 478 8709 7400 6796 5938 407 3876 1366 9390 2188 6635 9719 7151 2604 8216 7834 4374 9532 9536
59 1335 4842 489 5192 8787 8329 5358 627 5189 7249 4661 8835 6012 2605 1686 2741 9538 5803 7837 8617 4696 3498 1417 7920 1123 586 1592 3077 2109 7018 4804 3339 3521 2213 8427 4917 6091 4889 7582 2891 2317 1740 5800 7089 562 6209 9007 349 7348 1279 6052 8717 5515 9308 5798 6364 2238 8123 526
59 1867 9675 8395 4495 8271 5218 9128 7104 1100 6658 8198 3108 2305 1503 169 1175 5627 9678 9795 1738 4969 4555 8285 7542 4400 3436 3948 2958 7081 399 4682 6858 4694 4874 9416 27 7838 6215 6299 4902 1678 4081 8794 1116 3977 9746 4814 4509 3581 4458 8634 1826 8091 2286 8669 9088 5179 2038 9476
58 6822 6961 9979 3281 1838 7864 2006 8557 7357 2975 7870 1054 8059 6638 9981 9617 7118 2260 8686 6422 6067 4642 9141 7724 5442 6047 6713 9816 5824 8539 184 534 6219 9969 1017 5026 8443 7486 6083 2028 8084 4102 2446 1881 4719 9690 6998 7752 667 4731 9560 6246 3126 8178 6919 5944 3097 5854
57 3629 1315 2008 8179 1414 3692 8149 9851 1674 3976 8449 5025 4869 5779 4372 3112 5695 4930 4798 5310 9701 934 3710 501 8926 3636 6800 130 8814 9837 754 6862 2667 6126 2459 8697 5303 9318 4919 917 7159 7495 9036 3175 4422 971 8589 8907 7526 1161 9383 4118 644 3069 2449 5415 2169
57 1273 2883 7956 1815 1447 1888 5743 7846 9412 3821 439 95 9680 8989 5234 1910 9202 3701 782 6283 3247 9612 30 7900 1255 9667 9490 2023 663 8692 3139 2400 4497 1714 968 2403 213 3078 5575 1924 8208 4596 5283 7012 9590 8696 7349 9391 5936 6057 1696 3872 2606 234 4305 8044 9312
55 3307 3167 2986 6418 6656 6189 5885 3005 6164 6455 1724 3601 5369 830 7874 704 4331 8882 6398 9566 374 711 2272 6036 9368 6982 692 8691 8446 370 6103 2086 9853 4360 1165 3217 8360 5863 5110 8899 496 4999 6310 3285 966 7964 1607 6890 4041 3652 913 900 8089 7002 2223
53 1757 1664 6670 7455 1735 3049 8435 2748 6741 4673 248 5719 9190 100 3993 5182 826 2072 5263 1248 5879 5901 7817 9724 9778 9498 6375 4970 7745 3130 6975 8896 9080 6810 1151 449 335 4187 1807 597 6236 145 6781 6489 1011 7974 2764 1454 8677 4951 58 3224 7391
55 9847 2917 6456 7709 1794 7180 9852 3176 2942 9469 4016 1201 8419 3807 1079 9242 102 6719 1455 2898 9101 1643 7361 9106 5523 7231 2159 8403 862 8289 149 3538 8383 4912 500 6632 4581 3800 3706 276 9959 8066 6011 8467 2103 540 197 8488 1841 6045 431 5269 1547 6507 4319
52 4071 8731 8728 8962 1384 696 945 699 277 8328 8548 4137 3073 92 9116 6584 2362 1062 5564 2394 8033 8494 3606 4055 3443 1387 3757 8911 17 9539 2068 827 6423 1265 5843 2493 6671 3306 6341 2616 9568 6702 3128 2490 5395 9168 8174 6585 6700 263 343 7112
53 8292 2061 7318 1005 8587 6269 3891 5214 4502 9633 9559 3666 7211 1733 7922 3057 8243 546 4285 1271 8416 2 9694 2218 6619 5768 1870 260 7321 909 4276 9142 621 7890 4571 2085 5111 1829 8604 7571 2962 7185 7257 1234 9887 6943 1691 6187 3627 406 325 4909 5046
52 7957 3471 2327 8630 1515 3826 7064 9282 2780 4153 483 1729 3403 5267 6570 9134 7278 6491 4398 4888 8148 3450 4002 9022 2153 9361 8656 9269 1750 1828 5419 9440 8116 4933 2328 7124 7155 7517 6144 6770 6986 270 637 2643 5073 8638 8939 6685 3033 59 8957 7795
52 9619 6228 1833 2507 8302 1406 1852 9306 4194 8157 6711 7382 9543 6814 5043 6809 4485 3896 4046 8502 8826 6963 6443 9722 6682 7791 6816 5681 2274 7543 4190 1911 2560 8912 9844 1091 4627 5673 3884 5869 9126 132 8183 3192 1658 9971 9781 3518 5273 3064 1510 9472
50 1138 7399 9216 3333 3168 817 1251 2899 5636 6168 3921 8681 6034 152 6407 6784 3793 3930 7234 3946 8103 1980 1008 5656 5600 232 3893 3961 6308 2365 5607 8067 9122 2733 94 192 7708 8706 9443 8305 3983 6667 7371 3484 5068 5591 6853 9545 3402 3514
51 303 2869 4066 7186 8489 2079 3029 1013 3991 9634 1460 4291 9018 8795 8367 4250 9923 2547 649 2776 4667 4784 3251 5042 924 2062 3416 6171 7098 7272 6167 577 2199 5728 2146 3309 1117 7774 171 7639 9468 2175 7350 7073 8572 8654 9417 3172 7537 9430 7223
50 7657 9140 7799 6654 2233 2714 5487 3317 9640 9382 2967 5453 853 9537 85 1862 9077 6896 3648 6885 3308 3610 6138 1045 9023 6253 6332 186 4521 1463 7060 5911 8318 7292 4853 9173 7660 110 8096 9525 8321 1445 573 2073 8043 4383 5848 7539 2276 1718
50 6381 4150 297 567 9046 9246 3572 6206 1218 2537 1792 5663 3816 5799 7092 178 1110 7730 4541 715 9000 8296 8990 5372 4550 2990 3045 9111 7024 4330 5270 5832 6714 3801 7003 3150 735 1373 3604 6598 4517 9521 6295 7603 274 7977 6193 4760 8350 5244
47 3055 7929 6633 6044 9052 8020 1588 2957 1640 6000 5783 7209 7276 2952 7777 6280 9370 4638 4879 2622 6643 8470 8074 4660 6025 2309 6734 3967 4526 6162 4960 1401 4946 8140 5905 619 7454 4303 3198 2080 49 2914 9635 4378 295 557 1892
48 1560 6724 6901 5971 2788 2335 1010 9485 1500 8187 7785 8555 4607 6270 3258 4653 886 7726 9968 7148 5278 6292 7007 1516 4739 5722 2687 9870 4334 4498 7596 1103 9683 5337 4391 1099 6841 3882 9438 4864 5418 8735 5587 4504 7766 1173 8210 4013
47 4078 8342 3245 1773 4537 7230 2422 5777 8856 1997 1233 8791 6305 7912 3290 8631 5452 7746 8225 2241 2383 3123 1029 5305 3913 22 2921 8676 1420 703 3895 3726 5079 1901 6097 653 8223 9250 2628 6876 7568 7084 7335 9794 4865 8612 6494
48 3442 580 8840 5615 4693 7512 7428 4196 6710 9654 9705 1963 8176 6771 8737 7829 4966 7103 6140 6839 6730 1031 9292 6970 1395 4993 2414 2420 3353 8068 3668 309 8733 7827 4524 7213 3260 7336 2458 8558 4445 8797 1552 6691 3860 9577 3218 3238
46 3253 6198 9901 190 3640 8699 5466 5507 9830 989 7737 8955 1324 1331 8151 7492 2875 1584 599 4491 2613 9859 4562 2438 7006 512 4188 5522 801 1856 2506 9028 9616 236 3674 547 299 7559 4702 8613 401 3185 5524 8100 4103 9326
47 6412 957 5161 7993 2512 2915 7372 9874 7086 32 1106 5601 6639 1232 2409 9948 709 2565 319 9001 9934 5308 9554 4489 7860 1164 2965 1612 3545 8117 5315 7067 765 8457 8983 6732 7269 5319 3349 9 1084 2253 4883 6210 8352 7123 142
46 3580 6160 2296 3651 9544 8323 661 2455 7666 1863 9286 6498 8030 8504 9962 2753 175 3499 8901 2901 2040 8545 8807 5039 6033 6608 139 3639 9802 4304 6586 6937 5989 522 2010 246 5251 7026 7721 8607 6084 9811 4446 3858 4338 2273
45 2247 268 1866 7320 2928 8274 3188 6021 4112 6186 2696 9684 1109 3326 7901 8401 7592 9228 1458 7341 4312 304 2700 6234 3920 8252 162 358 5765 2427 6522 6660 8144 4688 5355 6136 5242 7166 5311 7300 7888 8087 4723 5588 8098
45 549 4494 7911 7028 9452 200 2566 168 9757 3319 3054 225 7171 7636 1257 5770 3798 516 215 8212 6593 1236 8855 3406 9110 6483 7982 7299 1916 5216 681 4809 4459 4721 8769 7803 4860 3923 2024 7035 2361 8898 4425 5077 7441
45 375 3371 6529 9935 5034 3865 2118 9254 69 5602 2180 9557 1968 4880 6601 1589 2355 5329 275 8105 7587 2955 9185 9629 5675 4096 824 1761 1596 9725 7137 891 3777 3744 7158 3162 7696 1812 7832 9922 3727 5162 3589 6439 9753
44 1992 734 1879 6424 4387 6304 4630 3200 3989 3830 2657 5082 1352 1587 2033 9975 7414 3874 716 2375 386 4086 9706 6205 256 7099 7921 6254 4765 6599 5528 4178 7055 460 3151 5204 3048 4460 1374 8106 5065 3140 1801 4955
44 1776 4379 5222 2324 3384 2401 5699 7648 8915 4035 5135 8951 2802 2558 7764 9641 3784 5514 6223 7857 7220 3495 2039 732 6776 1857 4578 6763 2150 9181 958 1517 9603 5774 1698 5555 2193 6227 1953 4315 9387 790 7039 2813
43 4058 8520 8086 7114 1734 4164 8203 8816 6454 5503 4593 2831 4213 1182 7271 4764 9980 280 8938 5133 9988 1357 6061 9584 8347 5605 4567 5228 1068 9279 4237 6109 6095 5685 2367 5894 2623 8211 4197 296 170 4790 5543
44 5868 2695 8564 7229 4455 8832 5698 1655 9743 98 8642 3435 3839 7638 9570 3746 1292 6915 8186 683 4407 2231 8562 5778 2595 7583 6636 2255 5007 8280 2066 8045 570 8092 1242 3302 5560 5647 2280 6073 1082 818 1261 3569
42 9563 6965 4984 2123 271 3068 3910 3840 5957 7246 2732 7856 1168 5120 1193 4270 7145 5041 3065 7894 639 9734 1989 7562 1621 1505 2387 4342 5403 725 5102 8732 7821 8997 9873 3932 6968 7781 7395 1951 1574 5817
43 5693 4687 4586 5237 5359 513 2539 7631 6356 3263 417 4034 7043 2673 3909 3765 907 4871 2468 1624 2644 7653 9963 6027 9866 676 2803 2022 1039 4943 7852 8818 4923 1398 7869 9597 8152 1581 8222 9323 9875 635 5672
42 474 7952 3527 6849 8277 9627 7876 6128 2442 992 9276 2585 9564 9424 7984 6379 893 3085 670 1389 279 9331 6149 5525 2837 4513 1885 9352 2336 8714 8924 9350 3109 3456 4265 2638 5657 983 7204 3762 9499 3969
41 9084 622 3409 5491 8426 8040 718 2440 3583 1873 5771 895 1595 5539 9623 5451 7222 1104 6708 2437 7507 6923 3483 3577 6444 941 9285 7332 7966 738 1184 2005 1127 6950 8130 5127 8636 2138 1731 616 3880
41 4435 4788 6694 8021 5890 5710 9806 2934 3717 4652 9527 3098 1620 2105 6213 4347 6094 3490 9482 46 6326 9442 1337 6542 6697 4745 5157 7963 5085 123 8256 6401 9162 3243 5388 8683 7008 12 3994 8423 5791
41 5717 8509 477 7210 9191 5748 4299 2261 1723 3605 6648 1081 3261 9812 8312 7761 536 6642 9240 6737 6863 1057 4454 6738 6339 3412 7578 3769 2562 4574 2339 4229 2013 746 8647 6664 6715 3987 1191 3712 9918
41 445 1978 9402 8158 8055 4421 1221 266 9118 2059 1294 3062 7628 9262 5219 5838 4711 490 695 8593 9917 8450 9425 3437 1832 4036 8977 2646 1548 7324 3960 7423 2807 107 2094 8905 1172 525 8480 8519 8789
41 568 2774 6135 9996 1625 6265 8573 4782 3789 761 475 1511 5170 8800 7770 7712 6156 3574 5464 405 8764 4219 8129 7656 7550 1727 7306 3282 8635 5423 3003 1728 2114 954 2456 8327 4771 6918 8363 8874 8543
39 1040 6662 1228 315 8370 9965 3915 8554 1693 6024 2385 1804 4384 2397 8970 6519 1203 2631 83 9136 6798 9091 3379 9244 2868 1434 9310 4097 4290 6049 7780 7283 5846 7184 5122 4728 7261 9339 1938
39 7561 8102 3655 8715 4848 4875 9487 2639 7759 4139 2745 4278 3165 4677 2141 1943 3372 7262 5023 2861 3397 1932 4892 6370 9893 2533 6086 1070 5246 2871 5429 7087 5595 8132 316 1823 5512 1575 2117
40 8950 7088 4208 6752 1689 1830 6413 9345 9182 3493 5678 1521 4775 2174 2206 3269 1325 3501 9941 786 8381 2494 6774 914 2895 5986 1468 1122 7030 1848 4780 7385 1452 2157 5924 1467 4424 3107 1226 4124
39 6541 4475 2538 7677 1869 1090 3966 3783 942 2997 572 691 8220 5074 7245 3645 9407 6574 7016 5093 250 1449 5611 4514 7500 8315 7529 6100 182 9365 5397 9415 5148 7303 783 796 1614 1966 70
39 4214 6794 1860 8774 150 9255 4115 6538 4786 2979 9900 8542 8485 5188 7167 9823 6772 1720 1999 537 2532 414 4831 1578 1638 6092 4737 2860 7431 3944 2161 7469 6933 4918 6760 5408 8770 3386 5150
39 7119 7711 7198 4184 6255 8133 9549 6357 2181 9263 3532 9375 5014 8799 4594 2808 865 5880 3747 8963 9183 5462 2636 8015 6549 4609 2785 4650 3100 2219 2389 436 3819 9271 5434 795 6288 4047 939
38 3030 4877 1323 2436 5049 502 846 9477 7690 3775 1846 5899 2292 3505 4499 1967 3621 8750 3763 682 4289 6204 1717 7624 9480 5755 1540 7396 5075 3695 5775 2259 6233 3094 5547 8120 5029 1134
38 3693 8458 1024 3354 6875 2036 7190 9209 409 3721 7569 2164 6838 5709 5692 1820 1876 8748 7547 278 7260 1743 2232 2047 2404 468 4283 9066 9041 6285 7973 2450 4778 1290 1677 7163 1006 626
38 8204 8029 5572 6851 730 9631 3191 3414 5285 1349 6967 6476 5584 1392 6211 7440 37 9155 9355 8779 7353 1650 7439 7258 237 1675 6628 7470 1361 2301 9877 6867 8429 1185 1576 8282 8527 7404
36 768 3311 5654 5500 780 8586 7085 9620 300 1245 5036 6218 1799 4125 7691 6240 5537 77 3262 5984 8390 7806 903 9506 6785 2555 2201 1617 1360 5096 9486 6434 9747 7001 906 2848
37 3008 9090 3849 2426 3947 3199 4602 66 5291 1443 7576 6589 7120 9729 4486 365 4685 2632 1502 1965 8673 1065 8887 4827 373 1928 8966 4859 5781 5617 1665 7215 6177 7586 6351 6330 9993
33 8878 3475 3544 2999 9738 4099 2275 4895 4907 7654 6641 4690 2151 122 6008 2256 7619 6666 9872 8660 3305 6017 9008 7354 2349 4418 7969 5233 2786 6266 4077 7641 302
32 9913 3426 3114 2207 6985 2781 8257 6865 2366 1907 3007 9085 4590 1340 4033 8873 4359 8992 2186 7765 5056 3355 3283 195 5667 3486 1616 6088 4755 5884 5659 9916
37 5343 9649 6877 9556 326 950 2663 7692 7263 4756 294 1725 1256 2568 4718 9177 8988 3011 1603 5981 3808 7377 7443 9695 6551 4201 9145 2734 9703 3684 204 6534 7244 8910 4987 9796 1929
33 8758 5282 8868 8768 3036 3082 1496 7732 8956 509 1338 7415 7502 3009 4429 8283 974 6940 9428 2611 4448 5015 1608 4726 7378 3189 7932 8452 1295 8861 4695 8541 390
35 6607 7020 3138 902 7430 8682 8085 9712 6058 5701 8860 3859 9574 6605 9785 863 3999 3470 2417 8680 7345 1329 6040 6510 3240 4146 5142 4226 466 9793 9369 5443 9775 9771 181
34 1269 7329 7224 825 2518 5012 8671 6971 6615 2377 3657 969 4821 387 4851 9113 9886 8841 4032 3962 2542 2522 3440 5028 6964 1600 2943 834 9797 1437 792 4218 1107 9099
34 5245 8739 4635 3066 3375 2577 7840 7595 6336 3970 8288 3901 1412 133 6181 8143 9193 8336 453 114 3392 7032 7308 8754 7514 4738 2545 8369 630 5867 3715 7311 2441 6613
34 4948 7553 7927 498 7787 6119 1215 8523 1745 8018 6882 2104 4426 5123 4591 1471 238 2662 6353 6055 2012 1171 7532 3982 721 9340 6396 1619 9591 2843 430 6461 4750 9782
35 8189 8024 2230 482 4826 5712 3615 290 9064 6237 2453 2477 5619 7998 6908 4533 2084 7417 4547 6286 2708 5261 4576 6022 8592 9260 7670 4287 5459 7851 4897 5051 8884 3812 1055
32 9449 5829 4409 9575 5428 7642 147 9288 3425 2393 6821 7394 3101 9709 8513 9386 8930 2222 2932 9125 3226 1205 4797 981 2594 7489 4095 8497 5318 5731 5125 8377
34 6913 1651 3092 839 4020 330 9353 9846 8445 2360 1762 3584 1771 6120 239 5210 1827 8813 3214 2873 3473 2029 6383 7175 7841 9518 5871 7717 7748 8972 4010 4057 108 638
31 7109 428 57 2217 9742 9657 3974 833 9516 1800 7205 6122 11 543 6758 2971 1687 7728 7908 1375 4579 413 810 3254 6637 1148 9650 5055 5280 2227 910
31 2015 4666 448 3818 127 241 6344 138 1787 9911 4582 1154 3 877 7646 5645 7072 838 3089 6791 3075 7694 7644 5521 504 2211 6080 1141 6981 4145 9749
31 6031 6003 2916 982 422 7445 1211 659 5725 9789 4263 2959 6808 6811 8316 3979 7419 9107 6429 4480 3587 6411 5252 602 2358 1488 3665 1230 6257 7783 6185
32 2589 3990 4648 6951 9625 1628 823 6023 2797 2054 4282 7987 6272 1741 6391 5849 7462 6471 9531 1985 3725 9662 9235 2655 8570 9404 1906 8320 1076 1306 3500 2243
33 2944 8978 6756 6474 4957 9524 3364 3451 5835 3157 199 7525 7266 1656 3233 6803 3231 6137 5220 5826 1405 9342 4151 2195 5002 4288 7618 8919 2312 3417 1701 4641 5230
30 7913 3050 6202 8155 7315 3981 4163 2320 4921 1790 67 6778 2854 2994 1277 4621 2303 551 5196 603 1611 5392 7054 6373 6959 4982 2864 3488 9614 4156
33 1492 8459 4511 4815 506 6969 8876 2464 1281 8973 2972 1639 2089 7570 8760 3237 9079 50 420 6175 6646 1782 160 4743 7029 7905 2725 7214 2847 5467 2200 383 2163
32 3540 3758 5541 601 1843 6903 4403 8037 3531 3466 6659 5101 7149 8974 4663 6130 8438 2633 4560 814 1890 1167 6428 307 8454 469 3059 410 3301 7565 2457 5504
29 4679 5352 9761 9481 3785 74 7096 9219 255 575 5700 5529 4565 1302 3659 5288 7887 9491 6846 859 2842 755 7374 2905 9488 7772 395 1549 5454
32 1512 6884 3396 7255 6984 7686 7135 2291 4656 1872 1539 3925 3753 2319 2947 5739 9233 1382 1075 5297 6231 7695 4132 4589 9197 1809 8 6433 6258 1730 9396 9227
29 7862 1908 3220 8379 6698 1937 6460 1309 5907 338 5083 1264 6442 8817 2535 8050 2226 7421 9094 8894 650 7540 2598 2679 2953 8396 5057 5873 5788
28 6403 208 4202 7041 674 5116 4113 4111 7796 9592 3907 1668 8550 4464 2239 2489 4708 3678 5943 6275 6315 4392 7485 625 9120 7751 566 6453
29 1105 5756 5107 2323 4371 4828 5998 9298 4394 3267 3228 5032 5651 4234 2834 286 7294 8689 503 5129 9470 1793 4257 7831 2689 8364 8337 4725 7049
31 2166 7585 1313 1240 4658 9037 7162 6081 1912 8486 484 7647 4988 2859 4997 2229 7331 5882 5527 3937 8052 882 1648 885 8602 1585 1708 5439 8463 5666 2818
28 719 3119 8191 9127 4356 1369 6367 1461 282 7021 9330 1476 5729 7360 9957 227 6835 9855 9017 9013 4610 3671 9773 3400 2372 5865 3836 3562
30 1113 8447 1904 951 2060 4028 5686 7808 8500 2467 9410 1259 4473 2634 3553 6866 333 9967 5199 5321 7487 3350 1824 3745 8908 3084 2880 5857 2055 8022
31 3257 2742 3773 565 164 7386 3802 9458 7915 6359 2248 8918 7298 4834 2713 1314 9835 5614 2757 7858 3934 344 1825 1089 5964 2985 8859 5458 1147 2618 6063
27 1178 1977 7477 5917 1746 949 1448 9800 9351 3489 4453 4262 2282 7944 9892 5767 2707 6278 9223 7359 3131 4927 5987 4886 3656 9277 6111
26 6252 6101 6989 6716 2648 4689 2910 202 5792 5929 5360 5796 3121 972 3467 8408 5752 8041 6860 1669 6553 7991 5435 2961 3480 1602
27 311 8421 9890 5576 8694 8827 5100 3463 8027 3661 8177 2139 1351 1996 2295 9565 7798 1183 2727 9502 5922 8090 6731 7126 2750 7953 7044
29 789 8786 8536 7434 6048 645 1169 9357 2989 595 9070 1424 866 6386 9218 8863 7240 2471 8668 3385 345 1249 3971 899 5609 1080 3711 8332 3618
29 6150 2198 442 7226 8937 5837 1453 7933 3754 2048 4236 9758 3351 9043 2279 7605 9674 8496 8242 426 87 4508 8810 6230 4308 4295 8552 7251 3838
25 3696 8595 120 7207 342 640 1913 8510 352 1050 1317 668 6604 7674 5789 3803 2647 5385 7170 5499 5935 9239 371 2152 888
30 5858 5517 8224 5425 2333 986 3194 3904 8407 5375 1981 1861 8976 467 1753 6174 4336 1498 9315 9006 2168 99 1482 4994 8313 5696 1661 3922 9025 8847
29 726 965 4207 5668 8440 6886 1181 7916 8664 2126 9838 5472 8741 5878 8366 8812 1572 9161 5206 4131 7225 9280 5460 8751 6881 3943 6955 1139 224
26 563 4017 5861 6746 2885 9319 4117 612 2051 4979 5104 5805 7797 8465 9529 5691 8537 9622 4199 8626 3978 9494 1174 2221 4273 5225
29 1194 8784 8991 9681 6503 6346 2543 2969 8945 808 1534 90 8026 1504 3361 2371 5194 62 517 8172 2101 2723 4463 1704 2610 7938 9940 8001 3380
29 8290 9503 9105 5054 2686 6927 7364 7282 3782 106 2525 5583 2501 4369 1941 1531 878 9384 8771 3497 1440 6673 3720 7160 5916 5144 845 5508 7219
25 9550 4720 9394 7466 4664 7843 1897 8952 4734 3266 5105 5963 9572 5694 4620 5333 3660 4083 9854 3452 7052 7985 6612 1418 1003
29 9463 9267 3510 1508 9002 4595 4615 7769 4990 4167 5670 1368 887 7879 4251 3847 5427 125 803 5145 7734 8180 2925 6107 2469 2257 7338 7527 6479
29 8848 7768 284 8464 2651 6261 7847 7203 847 6161 4989 724 1217 261 7551 6990 6459 8969 2800 999 8358 7307 9034 6701 571 7828 3543 3929 5723
28 7891 9011 5955 7253 5409 2119 4477 2290 7931 6451 6064 8540 126 1163 3955 2102 1477 931 2331 2779 347 1739 3529 6539 6487 8008 9467 5718
28 8104 1995 7546 4686 4154 2578 4605 2731 1752 1466 3846 3550 7286 5872 8650 2340 4954 9863 3832 747 2266 5759 3106 4189 9296 2145 6016 5665
28 6740 3779 5816 874 354 4366 462 3524 9896 4397 2504 3039 9630 5367 7179 6385 5706 7895 1162 2014 1982 2097 4354 4239 1514 3787 7739 8535
30 2026 481 4761 2382 1986 9068 5193 5550 8266 4856 355 5172 7615 9716 7848 7897 8197 6388 6077 3653 5740 5109 6852 6573 8404 2182 4962 7161 5790 4662
28 9920 400 8410 511 6141 3949 6902 4938 4003 6331 7645 1783 8291 4692 5906 6726 8436 8495 4076 5677 5772 4402 3095 8611 443 5876 675 6260
28 8566 1363 7446 7867 1518 3513 161 4858 9268 4104 2034 5804 3465 8160 5364 4710 7095 7264 8472 5965 4791 1268 416 8625 7649 1128 9970 7714
28 864 6669 4807 6420 4245 4713 629 5967 3099 5208 8259 1934 1597 5862 1519 855 4655 5004 4817 2242 5339 8724 9169 9095 2197 6569 1052 5446
23 3578 3338 7456 1710 4256 1198 6043 5704 3455 5482 2419 574 8241 4488 9841 861 6153 1379 2579 8528 6993 5410 1150
27 6735 7248 8207 4659 9457 3215 7629 9912 2402 5156 402 2756 7735 5655 4370 6588 2058 6957 2743 4616 7826 7079 7591 5058 811 6931 8777
24 5649 3468 3482 9284 843 1859 912 9858 5154 9148 2093 8039 5420 5038 6525 2569 8734 9606 2064 8482 2752 5474 2544 8054
26 9985 2881 3632 5495 6313 8094 2948 458 4114 6728 5045 9651 6620 3342 7590 9093 745 2890 9455 9898 2027 1506 4961 7676 3662 2845
23 4644 8190 4089 254 4441 4654 9879 5243 3939 1945 9479 3649 9108 5022 2083 7279 8349 7484 1726 1865 598 1909 4568
27 7319 8588 4088 7668 6526 2675 7941 3146 5386 10 2373 3428 1920 9423 1671 8417 4053 1083 3183 4413 9958 4126 7896 9317 1758 5931 7825
27 3104 6765 4705 7710 7479 8761 6013 3394 1436 6751 1297 8616 6203 1130 1388 5852 9174 8651 2772 8880 4375 7959 3945 8238 5545 5988 4268
27 6155 3368 6475 1845 1627 8353 4623 9054 1700 1791 283 8590 1493 1566 5640 4389 9356 8853 9098 8765 9157 7606 8685 8221 9711 3043 5586
27 6004 9495 6922 4141 607 380 5579 5433 3044 4019 7077 8646 4093 8889 96 4845 2761 5671 7033 988 7544 4149 4267 4 4741 4091 3631
26 2523 9030 1326 5516 9815 8263 9130 5941 2652 889 5708 3756 9441 5217 3888 9665 2496 9500 3831 5797 8501 36 4769 2421 5855 6721
26 1697 6409 1797 656 753 8300 7794 7665 4472 5262 2443 3072 7273 4974 2553 5286 8476 3318 7106 3242 1618 7168 3902 5494 1153 5047
26 8073 8448 9314 3502 1311 7729 146 5959 9987 3404 4009 9163 1310 9060 8498 2721 3954 5542 7664 8264 7427 7409 2728 3892 3012 3279
26 6239 1260 8803 9180 775 3675 461 8615 9167 6684 5005 9867 8829 217 4964 5546 7866 7201 7584 6847 2165 2683 9198 6595 5390 1887
26 6053 6473 5017 4481 4645 1942 8214 5400 7010 1946 8293 812 694 201 8844 3096 8600 2692 4294 8333 1683 5839 8311 7289 3914 9329
22 8184 1949 5995 3393 6235 1960 936 6406 6176 6376 3365 5019 1571 5707 9437 5035 6419 2347 1238 2492 4324 7937
22 8578 2480 2107 777 3845 5143 4279 4549 3593 4647 1964 9598 3234 6668 5754 8663 314 7983 3132 7918 1095 5841
26 8892 3603 8254 4024 1189 3122 4944 7048 2737 6625 2850 6565 5052 6478 4632 2801 363 932 5290 111 3677 2976 9178 2839 5265 5616
23 1563 2209 1098 397 4353 7004 7626 1235 8755 1224 518 1237 334 6555 8405 2823 6948 9792 4341 9210 9558 1301 8778
25 4084 9586 5650 6512 9158 7697 9303 5630 7701 6722 714 2903 4746 7871 5186 4527 7786 8756 5643 2120 6621 9413 2814 3559 8723
25 8792 6069 2167 6402 5690 7448 8801 8659 6268 9779 3052 9333 2712 800 4822 2978 4192 1274 9692 341 8114 1093 2540 8265 9860
19 8773 4449 4777 4651 7743 1756 7388 8286 8852 2832 9426 5349 2575 6468 3804 5760 5078 1318 3586
25 3430 2783 5626 4914 1487 8747 8652 2702 9038 2156 163 2129 4165 6337 2484 3998 9302 8409 9439 4108 5978 140 7625 8053 3617
25 5721 933 3022 9576 6523 5279 4344 8662 8017 7807 9593 3413 1058 9946 3164 1990 2574 115 1036 6954 6973 679 4606 2410 3588
25 1142 4733 6942 4657 3102 7693 542 2220 2332 6106 970 9335 2552 875 1124 5139 6180 4945 6447 7317 51 5011 421 3223 1137
24 6410 7000 1634 267 2653 6805 6832 6925 1393 929 5904 6727 7322 9807 9907 7942 3268 3600 5469 8866 3113 6624 2019 2897
24 4624 2216 1564 9819 7134 8782 8058 987 6243 2011 3016 8842 8460 5483 2685 7853 6267 2460 5095 3942 411 2475 9259 9891
24 2642 6125 849 6634 5952 4328 4159 353 2534 6824 8749 3567 5577 2672 8584 4368 4505 5207 8205 8658 5342 1472 3535 2597
24 1524 533 8653 2551 7344 1480 9031 9822 4406 2580 6953 1396 1606 2081 5313 785 2215 5153 3449 4611 3422 3687 9461 6221
22 6745 1111 444 3759 9731 15 6059 3447 2344 2345 2769 7132 8141 7491 5030 628 2870 7946 7597 8124 5362 794
22 9864 4704 4724 7425 7366 2415 5417 9278 5099 4430 7651 3506 5336 5993 555 4926 7202 3595 2564 4079 9885 2724
24 209 8614 4940 2982 5628 4503 8953 8193 8051 6683 434 7958 3935 5680 1485 3551 3464 2262 8927 7951 4904 4310 5596 3021
23 493 8902 7994 8110 4326 9364 8864 4937 9624 473 5092 3186 3356 3300 3376 7288 9431 7880 3310 1149 5044 4490 5631
19 4829 5913 2835 7823 5992 7999 4985 4395 1853 4386 9964 8846 6343 5247 361 3837 3928 590 9990
24 457 7314 1755 1365 348 7187 8687 4119 6378 2116 7790 9447 8399 1187 3177 6472 5447 8142 7530 3563 5926 7863 9673 4592
23 5540 4404 47 1252 8806 2270 9264 6883 7009 8601 6038 3142 5314 5574 185 6826 1044 289 4998 9669 3344 5354 7758
23 1421 5347 4029 9645 7174 5632 7381 9433 1499 9337 9553 9293 3526 356 5363 8307 3597 1594 5224 5644 1641 3184 7996
23 4255 2782 3398 7682 4063 1239 1299 40 9671 9221 5167 9400 6318 1444 8287 1760 4183 308 5787 944 7980 5264 4269
23 1267 2690 1430 7882 7558 5724 1166 1004 4701 2025 7875 1649 3004 337 9422 3171 8579 287 7722 4700 8195 7979 1343
23 5954 6567 9751 772 6537 4244 3434 9089 4060 4168 2057 2350 3013 9399 340 4254 2503 2624 6941 5930 3863 7183 3644
17 6039 3750 6775 5786 4906 2374 9945 4529 2306 3485 4757 2488 9189 9454 4193 3637 9281
23 9869 3972 435 6729 1768 2809 3811 65 4443 3271 1629 2351 1025 3881 5331 3899 532 7992 8858 9119 3797 9097 8877
22 2495 6536 5751 708 7457 8610 9159 6848 9358 6897 8258 2148 3525 346 4182 2987 2827 6661 1570 8279 321 6559
22 2147 6327 376 9065 6078 5070 8721 2154 6414 9194 6312 8354 727 5925 6117 9713 5833 3641 9206 6151 3255 2586
22 9845 1177 7337 1537 9647 4302 2264 2935 8917 8299 2299 6372 8922 2826 2392 4116 8867 2583 2888 3041 1495 6650
19 6912 4355 7274 7762 1688 1307 5016 3630 2447 9688 7675 4680 3481 2886 9266 1287 9818 1526 9906
22 2074 2132 9949 9273 7066 6677 2439 3877 8705 1308 4963 2500 6812 6464 7358 3822 9067 9434 176 7833 4683 8716
22 1970 6220 2937 7494 3453 5031 5933 5603 9205 5625 9460 2739 1657 4461 1413 3941 4754 2249 5432 7011 748 398
22 3017 5920 4205 5241 990 3345 8551 2052 1905 4770 6802 4899 1243 3996 2069 6183 8345 5115 5202 9290 2271 9573
22 4349 7277 9512 9135 3205 6041 8743 8272 7046 2017 4322 1770 5807 4306 6577 1334 3523 1155 7181 7881 4996 8057
22 6200 210 856 8188 7503 2867 8987 9908 1914 7351 2254 9828 8388 5231 9791 8393 860 4242 5203 8137 2287 4332
22 3334 6245 9042 5088 7309 8444 9015 9790 4388 5357 3359 9275 3599 9367 2087 2001 4747 9656 2730 471 9676 5682
22 4080 2031 3051 3117 9062 6962 8505 6898 4221 1078 5793 2381 3764 1742 7247 5414 5912 3250 5623 4697 4506 2908
22 5090 7884 6575 5366 4965 1891 7164 5117 3796 1383 8181 8165 5114 2929 673 75 5121 5928 4554 2794 5688 1304
22 4507 977 1835 9466 5374 5298 6864 235 9849 3494 9299 6938 6869 7027 42 6154 648 5845 6991 4691 8964 3120
22 1959 9702 8194 8785 9151 8014 9056 9324 3487 2348 1541 1622 6626 2258 9762 2798 8507 9373 1694 1961 4311 9661
22 5887 2056 9464 5238 5844 6426 8843 9139 3992 4884 8314 242 4001 787 8931 7304 2666 3448 9596 5714 9465 7906
15 7013 5284 4351 2042 760 4030 1975 8011 5492 528 664 7057 6242 8517 4158
20 332 5377 8529 8609 883 4773 6571 9843 3813 7403 3738 1957 7328 8944 1786 593 6096 4479 8424 465
22 9385 7934 9341 9179 425 6580 6696 8492 3714 1933 3213 3820 7945 3018 4671 3248 5750 9010 9555 778 4556 6302
21 5295 2338 4639 1777 9652 2234 1979 8903 736 4280 8598 9050 4975 4166 3427 1732 5239 4649 2002 9176 4292
17 3147 6066 252 9143 4628 6389 634 1071 116 2144 2472 8295 8849 4983 2131 1446 7154
21 212 3512 6173 7102 2115 9192 4539 3174 3154 6932 3856 7333 3768 2991 3558 3927 6895 3405 495 2289 9131
18 666 6672 1779 2246 3625 5379 2311 1839 654 2466 6653 1380 6421 3681 5544 4363 5836 998
18 7108 2110 5610 7488 6157 9230 7560 9780 6530 9535 8514 6506 3613 2550 418 4766 8453 4540
21 4863 5158 2000 6188 8909 9082 959 3592 6134 8576 1451 8875 226 5081 8456 7607 1788 1837 4640 6368 9915
21 6208 378 4862 8665 3867 1364 9421 515 6006 8729 2587 7970 6354 7718 1231 8487 7669 7968 7038 2691 8069
21 9636 497 4953 9561 8412 4872 7727 2740 9607 6891 28 5132 2796 1877 9689 5703 6314 9123 8226 5493 2926
14 3654 9366 7130 4092 9594 9991 9777 2517 7885 8753 5918 5436 4416 8959
21 7373 7193 3680 2527 6279 7614 6681 6983 8127 4198 4073 9053 1765 3206 4928 1262 6070 1868 447 1805 7356
21 9744 8995 35 6172 5684 4981 7793 9225 9583 1371 3076 153 8466 919 6892 3766 2946 8532 9214 1086 3289
13 2384 9231 2354 7212 5097 6949 5450 1258 3730 1195 6976 7725 9172
21 7557 4228 5674 1864 6248 9362 2722 1394 1073 1690 7047 6554 569 2918 9170 7268 6979 8503 5937 869 1948
20 2649 1 1685 6062 6380 6921 2473 7754 6089 8933 6679 9587 9582 8608 752 7310 2098 9909 3264 8078
19 5307 559 5622 3940 6178 9508 3079 2596 2192 6859 1214 3187 8478 5258 1636 9814 7756 8893 392
18 4482 5593 7387 1930 3181 1702 4675 1976 5481 5945 6790 2855 3071 2767 6147 7426 9700 8556
16 2297 984 2078 6085 3968 9718 9029 205 220 8839 5236 5084 6766 7719 6051 976
12 8670 7194 2236 8126 6232 3303 5687 9895 1014 79 6300 7813
19 3557 2896 1613 369 2612 2557 1591 173 6578 134 9448 6408 1397 5932 6788 4298 9129 1599 5312
17 8711 2184 979 5559 3609 9930 7397 7800 1917 8032 5126 5215 4626 3718 5745 6978 710
19 4107 1102 6251 1415 1568 5001 1871 3454 7100 3736 1590 829 1296 9772 9040 5618 2940 4049 8122
20 6547 4973 9199 1475 6393 3476 3547 4209 2498 8432 8475 1119 7139 5893 5531 6768 2133 3835 2968 336
19 3833 3537 2852 6098 7830 1199 7392 3686 6281 973 7923 1769 6945 33 8322 5190 4785 1573 5825
19 318 313 1565 1660 2121 8150 9103 5785 1604 1486 5633 7919 3019 4272 9154 1544 8451 455 7093
19 5732 5662 5830 2602 3429 7080 8693 3159 6823 6324 4362 2485 1754 2194 7192 7801 1764 4911 9374
12 1135 9798 9389 4004 1535 2763 9051 6065 3898 8879 7943 3985
19 6550 6966 4123 6657 1096 8339 9379 7101 3221 556 9534 167 1749 3074 16 2529 7017 1327 8154
12 8890 305 6561 6557 5396 7241 1321 3911 8943 7290 2353 3975
19 4830 2178 5287 3829 2907 7633 8108 9939 9801 5401 5257 1556 1954 3642 8384 1927 5661 4133 1378
19 935 7152 657 8413 6121 947 3293 7062 6264 8135 1775 6369 5823 6759 5831 3612 1522 9061 5563
18 1186 2470 9497 2790 6946 816 6820 1814 4852 6142 7461 8757 5612 8657 6028 5024 5003 8870
16 1803 8493 6201 4825 2762 996 5747 6928 4915 4447 5098 2865 7476 4040 4339 5953
18 4352 6630 4532 8097 3905 6617 322 4850 1457 6787 1811 2435 1484 5549 4134 6145 5063 7460
19 3445 9804 2984 7903 2082 7334 8516 6977 1679 2334 3387 3407 4427 6432 5416 5130 327 3042 3883
15 3708 7926 5582 7749 4715 1283 6531 6363 3419 6037 4284 7343 5896 6148 1962
18 6430 7097 2406 382 2128 8218 8998 1464 7265 7233 6010 4142 1712 8790 6294 5485 2830 4243
18 5621 2754 952 7143 8072 9321 6513 3235 1672 2413 2050 5151 1059 7416 5551 5753 4542 9304
18 6645 6009 2368 4767 6596 7065 9444 1253 6709 2995 3953 8522 6773 9668 8385 7051 7533 3313
19 6563 8298 2173 5405 578 8007 916 4232 2793 3980 9728 2744 8206 5960 5048 5455 8260 5159 1212
18 5711 1474 9156 3469 1176 538 412 6262 1836 4176 8387 6303 5327 1026 6323 3327 6093 1569
18 854 7663 9100 5962 1831 7898 614 6874 8583 5506 717 6516 1028 8275 7297 7954 707 5463
17 7379 5815 3952 6999 7513 2715 8247 4025 964 5736 7291 4061 8380 269 82 1408 805
18 9109 1046 9833 9639 3031 5373 3222 4712 8294 2676 2572 2795 915 8483 2423 9977 2326 7459
17 3739 8167 6618 4147 3169 3752 510 2567 8248 2778 6427 9708 6535 1074 4968 6606 9638
15 1874 2548 93 4625 7365 3700 6014 5496 1298 450 3280 8365 2697 9736 5293
12 6321 1320 5590 9236 1241 7121 191 5897 2329 6958 9507 6870
18 3594 4405 4274 8229 1282 4314 8624 2016 8954 8064 1737 2514 2820 4577 4570 5599 3284 8921
18 9071 633 553 7498 4224 1875 8004 6325 1715 836 9501 764 7736 1362 3792 6019 9024 4120
18 2112 3232 876 3790 8904 3377 6873 8359 3704 6980 45 9745 9660 6631 13 7042 7731 6467
17 4836 881 9505 7872 5221 5340 105 3973 9435 1358 4612 9984 3503 7413 5361 1923 3204
17 3740 8035 6247 3685 2037 2694 9821 8161 34 5810 3023 5773 5316 3959 6761 1473 2627
18 9613 415 5087 4857 4087 6566 4561 3395 8081 4748 7667 564 1895 1969 3063 424 3723 1410
17 8940 141 5457 5660 8182 3496 293 8281 6736 2872 7892 5378 5146 317 1987 2815 4678
16 3566 8348 3735 3173 7296 8437 8851 487 9697 8270 6611 4971 9124 3390 5889 9960
13 8965 6793 7259 9039 2931 9904 4614 8355 4956 2127 1115 9552 6840
17 7380 1346 1160 6056 2407 6165 8246 3374 4468 4169 143 5185 9493 4976 2836 737 2755
15 7346 5250 880 3776 2765 339 2911 6688 6936 9699 6899 9220 2993 4759 8217
17 507 6399 2075 5021 272 9998 4942 5166 8335 9445 5338 1126 1129 651 8641 6676 8235
17 6340 7191 9952 377 2370 6146 928 7661 3137 5383 5946 7978 4367 1490 1085 9834 6417
16 9289 2825 2857 8023 1051 1047 2364 3211 257 4148 8199 6435 8162 7136 5536 690
17 9735 4913 4415 5062 4128 4136 6042 8512 6276 5118 8525 7390 6250 7165 4600 994 2225
14 1973 2444 5608 4358 2682 5268 3590 7917 2849 804 3533 393 4901 1350
16 7662 6480 9741 6104 1921 21 5733 1342 5761 1520 5053 9961 3322 7589 5973 1456
16 3116 2654 2706 4496 938 7842 8745 5320 2378 6224 5178 2204 2879 9294 9599 6191
15 7196 6762 3227 7516 1435 9363 8325 2111 2483 706 6074 291 2277 3229 207
17 7579 7019 1553 2680 5486 1041 6020 7340 5532 8643 5648 3273 3015 1156 3965 8083 4042
15 6293 6133 9478 1561 4365 8009 6678 1322 4210 7518 3431 4972 6349 750 1722
13 5332 2330 9026 1551 1707 1816 3034 7452 4240 3143 2656 9004 7673
16 4629 9897 2240 4433 9919 561 6131 8233 4340 312 9973 6792 3304 7228 8838 3825
14 1002 6416 4768 8431 7802 850 3598 9664 1390 8468 9336 3591 1939 247
15 2717 524 5201 9376 6602 7960 8971 8805 5505 4401 54 8580 441 669 8147
16 3325 7816 967 230 6452 1034 9092 4333 3917 3118 6449 2877 9307 7577 6545 7375
13 499 1747 7757 7285 6572 6511 2088 2811 9057 8082 7436 3347 1300
10 9121 5384 1094 7904 9580 1049 3180 4157 2609 7472
10 3321 5475 2894 1744 1112 2703 4162 1377 6229 5173
15 211 5426 7811 4074 774 744 4876 7622 904 1766 8914 4995 148 6291 3081
13 7779 8063 4335 223 4932 9653 9211 4668 1462 6355 3125 5900 2203
16 4493 6132 5124 7659 918 5730 7352 6054 7420 1819 351 4516 8623 1347 6687 8414
12 4467 4824 991 4442 5106 8065 3634 8837 3728 3158 8701 9721
15 3433 4854 7643 4924 2729 6830 4722 6769 1623 2716 2970 8391 5977 1858 6087
14 1206 7924 8798 2244 7142 2524 198 1092 5834 7437 9484 8561 1359 5749
10 3647 6947 7706 470 1806 6482 4261 1064 3408 1020
15 6076 1721 6674 871 2599 7125 2478 6249 3001 7523 7705 3771 2202 685 8947
15 8173 9392 8585 6868 7610 6301 1654 2844 2966 165 5980 6782 4752 9827 1813
15 7438 7555 2556 5380 5664 3210 9899 1925 5820 9978 6335 5431 4672 763 8740
12 873 6184 2670 5484 8010 6309 5638 4082 6520 3853 926 5370
13 3291 6297 4204 6880 6431 2380 9989 7478 2629 1479 756 5961 4891
12 5562 9784 4947 2645 2936 9453 6214 323 4563 8508 1645 2922
15 6825 6274 8820 3722 3570 4840 870 9788 3209 3548 2136 1536 6032 1060 3528
12 3608 3323 4173 5470 647 3844 4967 7623 5850 298 8825 4538
12 1778 3292 9659 2462 3006 5 8633 1899 8411 5461 4252 7393
12 3362 9232 3731 4762 815 1432 1772 1795 4808 6935 5010 3679
14 6244 5437 189 9826 9542 3919 3136 8469 4381 3864 3889 5652 1225 6113
9 2176 8231 2405 5676 844 5581 2100 1213 5020
12 7347 5976 4608 2749 6282 3900 6371 9615 6035 7742 9829 2134
14 9138 5260 7275 5008 4012 7520 2003 2433 7242 9338 911 5322 7069 1663
11 368 9152 4423 2451 1894 1919 1542 5248 4977 3719 1878
9 7716 7031 6929 1759 5840 4735 8374 4220 1558
14 6647 8667 4072 6680 7788 4258 505 8936 367 4934 6046 3256 762 3478
14 3778 9836 76 2933 6102 6813 8016 7071 7775 446 5489 4230 8538 7235
12 4717 8344 5908 3360 2091 3852 1915 6005 8891 1935 2964 3619
14 5344 8506 5764 582 2923 5176 2263 4238 9756 1991 2310 3014 6212 8019
14 9579 7078 9644 7630 5520 5827 1780 2792 5634 1219 9147 8885 5232 7496
11 7355 3748 2063 581 5430 9755 4380 1703 4054 828 3791
12 4048 8780 1525 5738 8006 9047 2155 4551 5683 8666 535 7058
14 7535 7342 1431 5801 5094 1042 1423 6720 1818 788 6311 548 6241 8700
14 921 7150 196 7014 2561 5877 4212 3794 7157 652 7688 6481 1204 4622
9 3358 5530 80 8565 7878 9058 188 2070 3749
13 6222 9238 4832 698 9547 8720 288 5066 2822 9787 5653 8888 1646
13 9737 7316 2315 8481 9112 8107 4175 5898 8752 7744 1615 6445 770
14 4450 7037 3278 3534 9739 9175 8526 6972 3363 6287 2196 1983 3690 5571
13 4709 6850 5994 9270 456 243 3060 9081 2637 8201 7859 6576 7368
14 767 7971 3624 8767 9322 2122 7521 2416 5229 5346 7563 2902 9831 6342
13 2981 2893 8534 7094 8153 4835 5412 362 2726 3441 2487 4069 5174
12 4065 7267 2760 624 2546 4900 4548 7295 7408 9764 4140 1559
14 494 5465 8239 6622 8304 8672 5181 558 2858 822 6627 9567 7189 5501
12 1676 8038 8857 1781 9894 6755 3472 2071 2096 5198 6112 8808
7 2418 7671 3296 101 7524 4931 8618
10 1208 1416 7627 9295 2428 3219 7850 2342 5895 6405
13 9381 2954 285 5211 26 1918 8704 4000 4952 5345 2592 7989 579
13 7534 6597 5910 4121 9395 8170 2668 604 1144 8900 6118 4364 9770
10 3193 867 4730 1538 7720 1936 1056 1354 8156 4812
13 5169 5064 1947 3216 8821 7497 7023 4599 5762 4510 8441 6819 8331
6 7468 8394 7672 2491 3688 1931
12 2171 2693 216 4569 3277 8986 1229 7050 1303 259 1579 3492
13 156 6582 2630 6462 8549 4144 9883 8822 6099 6501 6817 784 3571
13 3530 5782 3439 5556 985 7195 6284 7902 8678 9608 4820 2819 7173
12 8546 6907 7090 78 2004 5136 2889 8056 5580 1280 4751 3611
6 7227 6306 7450 8249 8923 9648
12 5557 7176 7501 5184 9456 5763 9533 3320 427 7053 5758 6917
12 7239 5394 194 8284 7588 1554 9672 5509 8619 8202 6994 7252
12 1422 3315 6197 8099 6543 592 179 4431 9861 4015 5597 7467
12 908 1428 8237 2284 43 9588 4991 8702 488 6384 6603 2516
12 4744 9687 819 8343 3682 3805 9398 9726 3179 360 1087 7115
12 643 6484 9754 5072 9083 6362 9856 5223 2474 6717 2608 5819
12 3669 1944 7490 5689 2125 9933 8906 2379 5561 6217 5842 5138
12 4636 8244 9397 686 1033 4051 7747 9903 5949 3046 1341 7789
12 7068 6562 2882 2768 3432 5164 7634 1808 5272 898 9146 4846
7 7575 7940 2283 539 2251 3536 7059
9 3381 7962 8471 4572 5624 8389 3343 73 438
11 7988 4249 9810 2142 7699 3519 2454 3868 4898 5404 1659
11 5847 4068 2021 2431 1533 2162 2499 1333 4231 8061 9765
11 81 550 3135 5391 7753 589 9862 4174 4753 1400 1367
8 6879 3330 5080 9245 8473 6614 4811 4799
9 9349 5502 8881 7703 5365 6616 3703 5637 4929
11 97 8028 9160 8334 8297 6564 620 5828 702 2300 4432
6 5991 8819 324 6725 4925 5883
7 1192 5518 3056 440 9714 6470 6152
7 6377 9471 8759 7836 7784 3848 6350
11 39 7778 4584 742 9682 5330 4152 6108 1077 8913 4779
11 5382 4939 776 4235 7635 6225 8828 4122 6594 3702 7182
8 364 3788 7771 1007 1802 3020 5294 2530
11 5809 2343 1709 6495 7363 9839 7200 9760 1216 3134 9677
6 7325 2759 5570 5669 6322 4716
11 4819 2977 9474 2461 6974 1666 1882 9540 5737 1699 8230
11 7679 350 946 8115 155 5326 2302 1285 631 2773 8862
11 8996 5306 4992 9748 2876 6075 7280 609 31 2298 3643
7 7804 4603 7511 8095 9301 2376 7700
8 3614 6397 6114 6072 9257 129 8949 8622
11 7113 8620 5658 5870 5171 5997 8240 9184 8948 8934 5859
5 8227 1582 6477 2337 6
10 379 9513 5140 7741 6124 5152 8935 9865 4286 432
7 9252 7153 9621 3337 8845 3890 962
10 454 4802 3699 5635 5350 7367 3297 8762 6465 6795
10 388 4470 5134 3828 7510 2092 1035 9966 3504 2806
10 8809 8830 1513 9929 7782 8048 7127 5812 1849 8278
8 4520 7250 1854 9021 8356 301 4844 9117
10 1459 7763 5734 1889 7815 7854 8946 5776 4823 9878
10 8245 5679 183 1409 5000 3166 1481 4275 2032 5108
7 9251 6904 2124 4436 2269 2698 8113
8 233 3635 9403 4373 6256 3957 329 4281
10 9817 852 6699 4043 2615 262 4763 1847 2677 1705
10 584 6910 9658 9153 9943 6259 9076 4412 8726 3850
10 636 320 2684 9880 6320 7056 9253 1180 8276 3259
10 5914 6548 684 6169 1385 1108 712 9642 3741 2664
10 6333 5864 6116 7504 2018 588 8836 1426 5348 831
7 1529 7483 2510 2549 8341 5604 8215
7 2751 7599 594 5197 3676 6158 8490
10 249 680 8031 6560 5639 8418 7997 6509 8251 1652
9 1016 5317 6387 813 3810 14 9585 6365 1088
4 7948 7930 1633 7519
9 799 5794 4698 3027 5103 4936 1021 1586 3633
6 4011 3246 879 6226 6514 722
4 8967 6015 2998 3265
8 137 2191 6581 4950 1289 4530 4492 4320
9 8373 9541 4135 5168 7844 8999 264 6995 2840
8 3694 8895 3689 4385 6894 258 2747 7410
6 7464 687 3091 4191 9663 8581
6 9925 9924 940 9986 6348 7146
5 5983 1411 7218 1642 7986
9 3986 1842 6692 3438 600 1763 251 7899 3737
6 7444 1610 4573 4500 995 2049
8 1433 576 3163 7330 5950 4774 6914 8319
8 7680 8815 6298 4100 3515 4580 9600 1478
8 3507 8661 2913 1682 2237 9997 5811 3887
6 5371 3809 3733 4438 8070 6518
4 5480 3516 2851 8606
5 8192 7658 3964 4337 2411
7 408 7707 9055 9509 9601 605 7733
7 6744 693 6801 9921 8080 6911 464
6 1143 2678 6887 1893 613 4476
7 4559 6540 3926 5705 4172 5325 5471
8 7609 2805 4810 9686 8568 1356 0 5821
5 2212 3389 7947 4005 8718
3 2736 6521 5376
3 9459 9609 948
7 9229 1736 8958 798 6988 3312 6644
5 9483 9848 2481 2007 9380
7 3751 1286 9102 8340 9732 6889 1009
6 7684 884 2619 1940 3324 4127
5 1146 25 4419 9451 5334
7 6319 9072 3650 5851 2582 4181 8430
5 7284 3178 7767 5533 3620
4 2718 5141 18 7601
6 4772 2777 3061 4022 6207 8139
5 3729 8975 4465 1713 7713
4 4411 9750 1131 3111
4 1319 1706 6499 2172
4 3936 1670 9840 1562
3 3202 2502 6060