2 7468 7678
1 2591
2 8227 5067
2 7227 1626
1 4796
2 7948 1190
2 2418 8727
1 7206
2 3202 7376
2 2736 8994
2 2573 5891
3 9927 9569 7105
1 4887
1 5982
2 8890 1880
1 1855
2 9459 6610
1 7110
1 8563
1 3560
2 7716 6753
1 6517
2 2660 3246
2 2176 820
3 1817 4476 1403
1 9287
2 9121 5071
2 8670 7433
2 4027 7813
2 1135 6527
2 5991 2939
2 2384 4471
2 7325 4818
1 5903
2 8967 4325
2 3647 7581
2 5480 2445
1 1000
2 5091 6441
1 1339
2 3539 8722
2 6544 8345
2 476 6600
1 7632
2 7013 978
2 3321 2528
2 306 2669
1 6686
2 2718 6018
1 2887
2 2053 4023
2 3654 1159
2 8088 9049
2 6321 4941
2 5983 7809
1 8824
1 492
2 8773 5226
2 8071 7600
2 3358 4557
4 8306 4390 7182 8013
2 1399 7458
2 1192 1344
1 2758
2 6190 3559
2 5441 5230
2 7575 8596
2 7804 8730
2 9954 1284
2 6377 4793
2 1376 8139
3 9377 6521 5449
1 4469
1 773
2 8303 9489
2 4646 1452
2 9483 3341
2 8965 3936
2 3760 218
2 4411 3491
2 4011 5059
1 9824
1 7025
1 180
1 9723
3 6039 2212 5272
1 1555
2 3608 9868
3 1067 3028 5618
3 4829 2346 9999
2 8192 7909
2 9925 2430
1 5968
2 3708 7061
4 563 8968 9451 8895
2 7444 3207
3 3578 7613 1015
3 6252 364 8330
2 8253 3111
2 719 9803
3 1178 1844 4181
1 7773
2 2288 2620
3 4679 3696 3638
1 5886
2 1381 4483
3 6879 5513 7264
2 9252 9520
2 9550 9359
2 9763 2951
2 4070 9515
2 4138 3507
2 9044 1114
2 3381 5578
2 872 6960
2 7122 3870
2 9251 9360
3 8184 1778 9530
2 7464 5478
3 8578 3709 9921
2 4528 1545
1 7621
2 8402 8753
2 3827 4778
3 2297 1563 8433
3 7147 2007 3185
2 4420 229
2 5553 6090
4 7355 7362 5597 7509
3 1208 3614 3755
2 1319 7760
2 7284 368
2 4006 4301
3 5649 23 7482
3 6591 389 5646
4 6912 6515 9750 7239
4 6031 8605 4052 9601
3 5444 1706 251
2 5371 4417
3 7109 9186 7522
3 6463 807 8625
3 7990 6665 8048
3 6403 873 7972
3 666 3824 437
3 9349 4736 1064
3 311 1023 9693
3 1803 5969 3388
2 2412 3861
4 8711 7015 1087 1662
3 7347 4329 1713
3 499 9346 2308
4 5332 8788 8119 1680
2 1146 2866
4 3147 1027 8397 995
2 1105 6834
4 3291 2486 2593 2491
2 4520 835
2 3225 5979
2 7075 766
3 9418 4022 6935
2 7684 8553
2 1246 1973
2 4868 6080
4 7506 5296 6520 3378
4 4467 5780 9048 3749
2 310 1140
2 4588 6143
2 7453 4949
2 4838 8047
4 3362 3088 1131 2038
2 7913 1998
2 9249 240
3 7108 1922 1956
3 1874 1061 1022
3 2015 3230 923
3 943 8070 6828
4 6583 0 5953 2090
5 7779 6238 3298 3887 2862
2 9019 1018
4 4717 8571 5950 7568
2 8719 9910
4 4644 9914 2463 3517
2 7346 2448
1 1546
1 2709
4 1529 641 722 8301
2 4317 3367
2 2177 7713
2 9740 1356
1 5254
2 2541 8000
2 1785 5573
3 5975 7767 8046
2 3729 3086
2 7655 9525
2 5985 5883
1 4604
3 8422 446 1507
1 2265
4 8758 2099 262 7053
2 8111 4321
3 7862 4048 89
5 9913 1002 233 594 3324
4 2751 174 2502 4189
2 3193 3288
4 9449 8878 5562 1562
5 6745 1143 5742 7519 638
2 6744 7432
4 4352 5281 9600 4922
4 9864 7383 3705 7368
5 1206 1695 4065 2693 4580
7 4948 2717 9579 5919 3252 5821 868
6 7379 1194 384 1427 4337 5775
4 8599 8982 3809 7833
6 4836 1037 613 5813 8606 4760
6 768 8546 5914 3272 6499 5084
6 908 3767 3161 3694 4191 2134
6 211 2944 2359 4361 6988 2851
7 1269 7196 4523 8245 9509 1751 1594
7 5245 2981 3751 1776 9519 1736 1682
6 4450 9436 4629 2812 605 3633
4 9372 1821 1118 3134
8 7891 5679 6319 7113 1670 6207 6911 8934
7 9985 8290 6208 408 7483 8929 5147
6 1433 3145 4559 4419 1478 562
6 549 39 6129 486 3312 6995
4 8679 1442 879 6226
8 5307 2171 1421 3508 1411 2191 6365 3941
6 5721 379 798 3389 8340 1439
8 6913 3739 1459 3774 9732 9840 7844 532
7 8792 8102 3986 1789 7835 5325 8278
6 6548 789 4810 8815 6509 8251
7 6076 9920 6855 388 264 454 1652
6 8373 8793 2343 2237 4500 2411
7 6647 894 8200 2678 576 9663 4177
8 6150 9109 3163 2977 8886 9258 5705 8885
8 2112 5295 2710 5498 9021 2481 3903 7586
9 3693 1040 137 5317 6801 3635 6914 3504 7496
9 3334 3557 7534 5382 6382 5589 4465 3890 9099
9 3580 1676 7662 249 584 9528 1586 6348 9956
8 9289 8028 636 8632 2582 7068 5348 1254
8 854 7609 693 8975 7218 4438 2269 4996
8 6200 8326 9636 7940 5141 7997 8319 8499
7 6222 9754 5909 1016 3926 7771 3158
9 4435 6825 8950 2777 7153 1763 8809 1642 3737
7 5437 2649 7528 3516 31 6060 5575
8 6293 6762 688 6692 350 7854 9986 4005
9 9744 6541 7119 742 6904 8661 9541 3536 431
9 7097 4255 799 4058 1610 3964 8946 2615 7904
9 7373 3030 6197 5858 3650 1959 5533 7152 5784
11 6607 7088 6547 6910 3027 8244 9848 9301 4492 8762 5432
11 4214 8073 9702 3833 5954 1286 4084 7280 2747 5828 3791
8 1560 3325 4068 5255 3178 7753 3337 6690
7 4709 5134 3135 4100 2654 8490 4600
7 8996 9462 8348 8031 1021 8913 6606
7 9735 9563 5140 9686 3008 4763 5669
10 9463 5377 5711 6333 7599 2476 3552 6477 8080 4811
10 7929 9613 4405 4744 318 4830 3515 4275 6514 6993
7 7957 1316 8958 2825 7899 4823 3458
7 3778 6581 25 4373 8780 2298 702
8 8173 457 9804 5851 6397 9076 6518 6
8 8038 9229 5169 905 1289 4412 3620 7992
7 4249 7778 8189 9055 8568 8581 1426
10 6735 1422 5557 4493 7680 600 2619 2125 3265 669
6 9817 8830 884 4774 8430 2806
9 6430 3530 8035 6298 4470 3315 7056 6889 1322
8 6484 5343 9403 767 4950 6845 1088 4614
9 2166 6740 9737 4636 5864 6072 940 9253 4936
8 7314 881 3430 5593 4727 9609 3733 1285
8 9090 4802 81 7635 7275 5344 3850 5225
9 7561 6480 2954 7501 7815 7703 6015 4127 3014
8 3311 474 4135 7971 71 3742 5561 5790
9 9897 8520 1513 5802 3297 129 5811 7146 8594
9 2074 9138 313 589 6320 5997 4320 5190 8925
9 864 3104 867 4698 6622 684 5604 1385 302
4 2510 1893 8276 2172
7 2147 5168 3061 6114 8999 9642 2820
6 4043 6560 819 3330 6614 3020
8 3257 643 8297 1666 581 6124 9865 4530
8 8204 852 2760 5639 7947 1216 8718 1378
9 9503 415 9072 97 9385 258 5910 948 7476
8 5658 6245 2896 3091 712 1035 6170 231
9 3433 3566 4939 1842 9880 7330 5197 1882 6127
10 5717 3758 4475 3655 9845 8077 1416 9585 5776 5842
10 1978 3055 4913 8099 7176 3689 5000 5570 7784 5653
7 7952 6850 2805 5734 9231 2983 3931
9 6724 1186 7650 5635 7658 8240 8230 2677 5159
11 6327 6965 6597 494 2882 6540 5621 8356 3702 4925 1559
9 9011 3669 935 7679 5556 6894 9862 6158 6322
7 6645 4772 8394 4573 362 5404 8019
8 7150 320 3438 9748 5164 9966 8726 5454
7 1113 622 624 3810 440 609 1009
7 230 9548 687 3320 8473 4898 4538
9 1970 1721 1177 7924 8819 7367 8935 7601 7527
7 8239 3685 5479 2759 3957 9533 7069
9 7438 7988 6387 7711 8845 7050 5072 432 8865
6 3278 723 5732 6564 8948 2499
8 6399 7535 9658 6362 7511 18 1808 6063
7 9474 5124 5350 1533 7930 4015 7059
8 5426 2556 332 9687 9471 9257 5138 7450
7 6340 680 7037 7127 1936 8215 2457
8 2480 4819 5008 3828 9621 6217 438 4241
8 5764 1685 8254 8881 1229 1481 2300 4122
7 5064 3439 813 9245 1400 7410 5471
10 507 9071 5782 5391 9929 8906 1108 9760 8949 7228
9 7198 6884 1512 4863 8357 1849 2876 1615 5512
8 6794 6907 8029 524 6495 2998 9608 7969
6 5394 7707 2214 952 5334 8633
11 2589 6536 1102 5158 3722 1709 4572 5346 831 3277 8900
9 568 1046 9836 8334 5171 776 6256 6644 5376
10 9313 2735 285 3292 5211 6259 4172 2454 7836 6505
9 6173 212 8667 6274 1428 4175 1940 6616 2070
9 7020 6244 550 7630 1947 588 2630 6152 4095
11 1992 726 4205 1430 3232 8493 7782 7497 8341 6830 3848
10 7816 3740 5021 8857 3116 620 3296 9644 2858 1758
11 5920 2523 1949 8620 9810 155 9943 2549 3676 5294 1633
10 5887 2056 4078 7380 194 946 7195 6543 1333 7733
10 7329 2026 9160 209 183 5152 4051 8061 548 3741
9 1326 7342 9232 2021 6297 9672 2474 8704 6311
12 5693 2695 3138 1835 9649 7579 4415 4012 6225 5062 592 5412
10 3371 4507 8892 6680 4107 2768 9381 1847 4069 784
9 2132 2857 6699 7536 8759 4991 631 5877 2597
6 2122 2684 2075 1538 329 2337
8 493 5809 7556 1854 7200 5683 7720 4900
8 5815 3990 7363 6793 14 3624 1056 7917
7 1132 7510 3519 5326 9726 7688 9532
10 5868 5994 9392 3216 6416 3805 5365 8389 3492 6667
10 9084 1228 9495 4584 9153 8471 977 301 5812 6349
7 657 4569 4439 8153 1007 5461 2487
9 5662 4482 5222 6462 9578 1582 5198 1367 4563
10 8458 8940 1363 2495 1561 6075 5509 1180 4281 1645
8 268 1111 9478 2984 984 3432 4844 7524
10 5260 2330 4121 8481 9933 4000 1659 2698 6104 8770
10 5934 6381 8086 6562 1889 2561 8986 8107 4753 9184
8 3731 3699 2285 5762 189 2155 7189 6371
10 4228 6247 5794 4992 7699 5330 3179 7408 2902 5174
8 7267 1918 2642 2092 2283 8561 9714 8874
9 9199 6966 47 9456 5384 8702 8201 9648 2773
10 1209 6694 4433 8237 9924 5898 6725 8202 5664 1479
8 7014 4854 8822 7671 5518 6099 6470 1699
11 4494 2782 5457 871 6567 9682 4235 9047 1077 488 3688
10 7934 9497 7316 6062 4152 9588 3056 7788 5895 7192
11 4877 1524 2706 9100 9397 8231 9788 4231 3703 1663 8365
7 76 6974 4385 2063 6306 579 2096
7 3090 400 1554 3227 8565 8923 464
10 8342 967 6563 2670 4824 6887 4751 7744 4599 2617
8 8188 9376 5908 5080 3166 5580 8156 148
9 856 7926 2680 7643 6868 8828 2933 4286 6687
9 2031 4953 5250 1431 5738 2923 6465 26 3954
12 7768 2470 4624 8995 3534 5502 2142 2162 288 8891 4212 73
8 2893 9784 4123 3594 243 9997 1354 7036
11 7811 8902 35 7125 8115 8936 2405 4174 2342 1341 8195
11 8292 5847 8194 1474 698 9083 539 1703 78 3611 1887
11 4379 4511 1346 2173 2645 5763 2966 5830 2749 6214 5652
12 6239 8564 210 4840 5094 2004 6301 324 7859 5637 6817 3064
9 6133 7019 3396 928 985 2263 5320 9664 2509
13 8509 4687 4788 734 3512 2240 7627 5223 9883 6501 4261 1542 8612
7 7657 815 7659 1303 8538 5176 1510
7 8448 6618 558 5373 9146 4140 9024
8 7319 6116 1034 4380 21 1772 2032 7252
7 686 2406 7094 8998 8304 9878 5788
9 8566 7102 9295 2546 9659 8006 762 8622 3440
9 6160 8820 7610 991 6755 3844 4952 6769 9770
7 1781 8549 4730 7775 8508 8113 1446
8 141 6630 3169 7090 5475 6291 1579 2251
9 2216 2128 5626 3368 8170 360 6384 926 3224
12 9586 1755 6009 3181 8298 3537 43 5608 9826 4862 8441 4968
10 156 6582 7142 1033 1780 2433 3959 5470 1705 2223
8 3398 7588 2071 5980 1144 7242 1935 840
5 2124 323 5322 1225 9294
7 4074 6678 880 1280 9540 5020 4803
8 7557 7078 5801 7672 4808 2136 9756 44
10 2247 6550 7490 8798 9755 8010 9338 9765 7393 1226
11 1142 3779 1553 3773 3952 7546 80 1623 685 7878 5731
10 9402 921 1944 7757 6102 5532 538 5098 6795 3613
10 8024 582 4204 8284 5103 4672 6032 4678 962 9203
10 5540 6409 6674 8121 6431 9903 4510 4812 2822 4779
9 2315 1860 6155 3829 3060 8344 8619 4054 6717
9 3540 4857 7663 7194 9322 4436 4082 7623 9398
12 1024 2338 7191 5017 1051 938 2018 5949 1462 7157 2376 5399
9 4274 2178 9179 1551 9894 9833 7520 7467 2650
9 2742 9238 4072 3338 7747 1094 4820 5961 3631
9 6662 5465 2754 4144 7071 3472 8526 3889 7986
9 6004 7555 5380 9026 6669 3868 2592 165 836
9 4080 497 8506 3682 1818 2091 1204 8666 6444
9 4657 7174 5287 7000 1525 2416 5819 5758 3033
12 2774 1323 1273 533 3445 7277 7296 6602 6282 2894 2840 5244
11 3527 8978 957 2729 3323 3001 1925 2202 1878 4931 6761
8 1492 1866 9152 8064 651 8249 3081 6019
7 6053 6066 9513 8410 6287 3229 6917
10 3017 7193 8464 4832 8009 7210 5660 788 2922 4432
8 4358 5347 3570 7521 4548 8838 9739 5977
9 8767 2368 2462 9453 4768 1 5232 535 6964
12 4648 6473 4704 8609 5161 2461 4773 367 9542 3503 8837 6191
9 9267 8167 3453 7250 2668 427 441 4735 1809
11 6412 6634 3940 876 4345 5181 3363 3256 1919 2815 9639
9 378 435 6946 4561 578 4625 2889 2819 9058
8 9270 8851 9547 4340 7023 9599 9567 3836
10 6228 4586 8534 442 105 3680 9861 9615 5248 5048
11 553 2790 6452 561 470 9741 6146 5834 6576 6994 2145