3 3663 2634 5002
10 4780 2174 5221 347 8729 2796 8770 8941 8887 2925
9 4032 2882 2484 8135 3173 1181 9841 7899 3399
8 3171 3417 8833 2280 1875 5418 1397 6207
9 6975 7009 1215 2216 7804 5216 4594 9018 2107
7 5016 5536 4490 2444 7568 624 7796
10 4757 1743 7563 2729 4105 6619 7521 7533 6246 7264
12 8189 123 1910 3853 1216 5232 5685 516 5513 6513 5178 647
12 5360 3430 9823 5631 7495 3358 8218 7553 6932 5280 9914 4087
16 3508 8476 4410 9525 4819 1073 8626 3397 7956 1902 7100 5275 5029 8816 2907 4329
16 8027 6754 4694 947 9214 7310 1598 8380 9377 464 5276 3045 2902 8110 2810 1154
21 2182 6190 288 281 7065 6338 568 5956 1624 1078 4075 5676 8485 8302 5715 2953 1714 547 6784 6159 3808
16 8346 5292 2382 213 7682 2975 2702 3029 7425 9225 6141 9642 7362 5054 8682 7234
12 2260 636 9043 8497 3891 1019 9813 8763 8100 7854 4037 3818
16 2930 3320 832 4258 1046 9877 5651 8720 5250 1877 5629 6506 2776 7322 5285 7364
19 9200 4083 8330 2891 1032 8222 2546 7924 1887 8982 9849 2025 8308 3909 5386 6751 6008 8096 7417
17 2139 4533 1797 1661 8426 8901 4572 6555 351 5359 4908 121 6490 2523 5361 8879 7368
22 8339 5201 473 4145 4647 5412 1402 6510 7069 1058 7064 315 1357 9715 6080 1978 3946 7938 8409 9643 9918 1627
19 4309 5867 3242 6912 6948 5827 4453 3178 9333 3624 8809 1479 9582 3655 1454 282 6673 7820 4331
21 3452 8948 8500 7359 8526 9548 6872 6670 9796 9551 2309 6066 6290 8962 8845 4222 6435 4881 5618 3436 9556
23 188 4474 5171 3412 220 653 4341 5911 9381 92 1845 4806 4932 4663 4173 692 1718 7223 7094 3157 6542 8932 9403
24 4976 6211 743 569 5533 5198 6433 8752 650 608 8900 2742 797 9597 6774 942 7490 4820 8542 1629 4940 2623 7917 3227
20 8584 2135 8642 2337 9309 9704 7072 3034 5346 3928 2022 4013 6957 699 4297 5678 4866 9748 6271 9346
22 477 1442 1756 466 1003 6646 1223 8534 2453 3790 6526 9026 9550 9108 9633 8363 9950 4695 9452 224 1428 1648
22 2874 4123 6556 9708 5896 8791 8532 5411 5854 9673 756 8707 4859 8772 3002 6662 737 617 4287 4437 9991 3810
27 3671 6600 5436 43 420 7046 6409 5568 67 4669 4776 4094 8095 1702 9519 3600 6858 7687 9335 8965 235 852 3906 2067 2668 2217 6091
30 4182 207 3060 6756 238 555 7790 6277 9327 3300 974 6210 4602 4943 9736 1352 7591 6438 8684 8456 9331 1841 7600 8084 6916 6325 8402 7319 3057 5953
28 3782 5262 8980 1415 2524 9940 9229 2394 356 3234 7056 5578 9222 1103 1413 1341 4815 3089 5902 8622 9028 4608 6907 7788 1697 8225 2719 9837
29 8653 1595 7650 9898 610 5496 565 9919 9545 9300 3464 5531 3102 8336 8269 3253 8643 7095 9972 6019 2883 9193 5936 41 3800 2329 1533 9847 2895
31 3153 4632 4307 791 5058 1098 8728 4782 4079 6697 9311 6552 3723 6471 1050 7271 66 2292 7168 6443 622 2449 469 8672 6761 6305 8574 2850 2942 6405 4131
29 9462 5478 598 2195 8418 8462 5304 1261 7237 954 5072 9411 6611 5816 211 244 9965 3509 8735 4537 9318 2824 1859 6415 661 7517 4956 7194 4585
29 6765 1822 1961 2916 4487 8798 689 9482 4564 1102 8859 6048 4414 9830 9103 9595 272 381 104 9656 1478 1061 8075 1396 818 2467 9423 5987 2507
29 2417 7324 551 6578 6152 2096 7607 6295 5045 6976 799 3609 3662 5426 8148 1231 2290 1613 6691 2366 3861 4439 5099 7659 3988 4516 6573 9786 4275
27 1788 1577 173 883 7105 901 6606 8877 4520 5379 7701 9729 7750 4340 6039 8996 1977 3750 4208 2579 3572 8032 3712 730 6157 3059 8799
33 9891 1575 4355 7621 8178 1917 243 7835 9267 5282 3246 1249 2300 7626 604 649 5627 6768 4305 5750 148 8113 9269 25 9004 9572 8749 287 1327 4762 2296 3769 2786
29 736 167 7910 6866 7117 1996 1639 2355 5964 6460 8878 1853 2893 4226 4074 8804 4752 17 4133 5754 748 7440 6108 3070 321 9579 3530 9109 4058
30 6032 1700 1250 9467 5084 9760 1724 3127 2373 4383 8558 8007 5259 4118 5479 5463 3263 1101 1625 4968 9819 7734 3154 442 1705 2498 6447 6806 98 6441
35 701 811 9992 4442 7331 5116 7976 7891 793 4732 5488 8666 1166 3686 198 7007 9389 9 3004 6249 5111 3000 8054 725 948 3948 7895 9374 5196 7923 8918 6377 9161 4775 4964
33 4759 6796 2442 1779 9219 6123 2323 5053 9818 2021 7450 8482 6378 2342 2549 3512 7676 9659 64 7964 5778 3749 9102 1006 8243 7019 8803 4270 5813 8744 6279 8805 1289
27 8440 6603 6488 6657 4243 8573 1747 7032 3507 7363 3152 6760 4653 5399 6923 5468 9514 7998 6899 814 20 8955 5257 9071 5928 7153 6906
31 4974 9561 7708 1359 7883 8624 7597 1433 184 4293 6310 3416 916 2984 6719 6998 8908 8140 4027 9711 759 4016 827 3597 7140 7055 3727 8081 2737 5470 5453
33 8450 1407 4944 8717 2410 8569 174 739 5010 4785 2474 4375 2120 9983 6213 428 9081 758 9448 7888 1450 361 1376 5616 8973 6903 5872 7647 6534 5021 4643 3279 7774
31 1711 553 8143 8273 941 6815 8577 4577 4174 878 9187 1589 1292 5477 7692 9513 3400 7779 5205 5087 6126 5961 4426 8275 5812 6577 9353 2099 6625 7885 470
34 9861 7006 8910 7327 4393 8937 7349 5390 9762 3548 6145 1680 9664 2743 2656 5122 8139 716 7103 1296 4686 4508 160 4029 1129 6465 79 8782 889 9723 9152 8180 5392 7010
36 5832 8464 8906 422 7191 9286 8933 6971 4566 6221 3647 2846 2928 5803 1621 8124 7702 5027 6837 505 8310 5139 4860 6525 2871 4675 6478 9025 4020 47 8810 6947 2349 7471 5674 1199
33 8709 5815 5233 2526 3347 4323 4454 6215 8264 1802 7869 7268 4334 855 3721 5577 9325 58 6968 5415 7372 5554 6964 8030 4012 6324 1812 5795 7192 5870 6865 7492 8392
35 8267 7648 4529 9251 3259 684 2801 1865 6750 4017 3608 7374 9051 5420 1585 5332 600 9769 4090 8329 2245 6725 260 3378 7403 8474 3688 3424 4155 6909 732 566 4407 511 8307
28 1408 9688 4099 5583 6304 3122 3164 4446 465 9562 7815 1290 3055 8191 4215 7312 1504 512 2632 3142 3252 7963 4569 8690 8792 3570 8387 1177
31 1387 2439 3821 5742 6256 266 1899 5603 9654 4343 7267 7656 8370 2949 3525 6110 7366 483 2362 9603 4283 7905 9905 8323 5184 7741 578 3868 5398 1596 7555
34 2263 9095 9190 6168 2992 3272 7931 8458 3544 7680 4021 1436 3078 8413 9024 8757 7836 2047 9920 7634 7570 9682 8825 317 9486 2160 8633 1731 5527 1237 1874 7805 5365 2288
35 7566 4115 2351 1614 676 3560 2771 2106 8423 194 7598 1549 83 2426 1749 9179 8142 3983 700 9674 8288 5640 7129 5605 8563 8868 8102 7303 8738 3352 5575 3633 3334 5988 7021
31 4764 9236 1342 3275 7777 1730 1898 5403 6708 8840 5869 2502 2184 1552 9250 3368 6539 1886 7437 9016 8459 1803 4269 1162 1538 6169 2273 7424 3422 4605 9438
28 3155 3911 8471 7894 1689 9790 9393 6267 1081 5506 1435 7336 6252 9792 8591 1439 5648 6106 7994 3761 7530 5085 7669 8789 8596 6663 4978 5284
32 5082 7865 4639 5587 7605 9954 110 4638 3315 3794 4423 2044 5135 7739 4312 4470 5393 7783 9471 4670 3276 9926 5449 8287 7897 2987 517 1079 2059 3758 202 2980
32 3579 5516 9568 2358 5705 434 8726 7870 1194 3802 6473 888 8318 7213 8350 3705 5689 7001 2151 9409 8571 2087 3394 3569 9493 9167 8252 1727 9188 3645 9724 969
31 2766 1380 2395 6231 9454 1229 5296 6280 4828 7390 6522 3298 2802 7830 8332 1034 8035 6453 9996 1488 4902 6678 8984 9749 2773 5203 2371 8068 2431 8640 2936
26 42 5195 2965 3851 2599 8204 2391 8469 4137 7816 6989 3839 1262 7882 245 2110 1611 3007 5825 4308 7970 8776 7542 1027 1665 9307
31 9635 256 1691 4311 9772 768 7151 1293 380 1009 91 1477 258 2842 9365 8762 9587 3184 3728 7182 7602 2454 7520 1930 882 1209 641 796 6952 711 8265
31 8044 3316 5476 5797 8765 8234 9540 8834 9302 3018 9078 1360 6800 4882 7560 2278 3837 6492 5741 2564 618 7041 2641 9638 6342 2505 9347 3008 7934 1508 9697
34 1813 1066 6046 5298 2147 6493 9856 1631 87 3130 3882 3879 2370 6701 7681 5356 9893 5485 5495 100 6270 5995 2074 5571 9176 3224 843 714 5294 7968 6074 3870 5644 5255
39 1134 2335 8543 1377 1152 6819 7581 1604 7436 7045 1354 5382 3453 8341 6696 4365 7196 9935 3960 9998 355 4261 4285 5623 162 2543 8136 5437 9082 6782 5882 3493 4961 7050 5559 5950 8062 6898 85
41 3169 7380 1909 4067 8193 9937 7715 1217 7980 7878 3090 9006 5350 2116 6098 4161 9455 559 2034 669 6146 8041 1652 8817 9512 1164 3296 8340 2210 632 5180 1594 978 2778 5402 9064 9900 6012 9358 1298 6575
42 7995 8394 1764 1566 6509 8977 9884 4697 9669 780 5783 2232 80 2313 8122 8206 8008 8755 1128 9862 4112 5652 2869 5487 6400 1901 6394 1180 2588 6254 1375 6583 1811 2211 7717 4337 9962 9645 2807 3120 4962 2388
40 4574 839 5245 4318 3701 6504 8872 3746 7149 979 5878 9660 4724 5329 2520 9233 8722 2576 2033 5808 4106 7615 9295 6958 3231 5335 9341 1570 9379 3066 6636 5649 9170 8146 2170 7654 5240 9354 7260 4659
40 6812 687 2711 446 6284 3951 6000 2212 7751 800 9989 4229 8794 911 9035 1948 5306 6208 382 683 3287 2697 4207 9297 5594 8947 6589 1955 5762 9536 4042 7595 5225 205 6637 1739 5774 8037 3375 6148
31 4433 1312 9627 8565 970 2352 7240 6727 7709 1490 8691 6432 9276 1606 8276 7479 2488 3933 6679 3023 9201 7972 4907 7601 2712 3993 4412 5042 2716 7559 9604
34 3216 816 8026 3855 6278 5860 1485 3167 2947 4689 8769 2153 3180 6439 3470 7081 1736 4924 151 1696 7945 6852 5657 2115 5380 9101 7583 439 1786 2915 7537 8514 2291 2994
43 5634 3384 8786 552 7329 4607 6699 4777 7028 1302 8876 2590 219 7330 6648 9871 2019 5417 249 4992 6772 8373 7737 4240 5775 7023 8059 4245 1084 2831 5363 1018 2991 8219 9637 2537 8174 6823 7903 8959 8548 3024 2879
38 3516 528 3210 2228 4507 7752 9397 4221 3610 4889 5637 1007 1919 8335 7459 5909 5438 2982 7623 52 9776 3535 7285 7819 7582 3053 8405 1311 8014 9610 1153 2751 3687 651 5231 2556 447 9138
35 7251 5185 9506 8327 8130 5696 3373 1562 2375 1326 1344 6296 833 8089 4579 3303 4914 965 3377 8129 7172 5013 6900 2073 1729 668 2199 4336 8788 6717 2054 3421 4897 4998 4644
37 5500 8896 395 5798 6245 457 4200 6844 7279 5861 204 2542 3553 997 4515 5219 1535 514 3718 8429 2662 4301 3395 1591 1356 6560 7444 9503 2784 5305 6833 1540 5729 3668 1522 75 8618
33 5595 862 6669 68 3503 7397 6379 5052 4185 2538 1525 200 718 7950 1493 96 8156 7433 3916 3714 4894 3032 1699 9903 9450 9523 4984 3237 3030 3404 869 5823 6422
32 8152 4634 7918 3482 9131 7485 9640 9520 4874 7401 3797 9029 664 1905 6045 7333 4886 7143 1335 9195 7434 3864 7498 8632 5452 7508 3842 9894 556 7178 8629 9163
37 5966 9791 6778 5031 7060 8968 7675 7393 1767 943 2289 2011 8215 2780 9434 1742 1188 1458 2006 2757 461 5688 4482 5931 1619 6144 5518 579 3626 8929 2275 2261 5507 7004 3074 3021 9558
39 7678 3873 9328 5014 8835 5997 2847 2747 338 1441 6112 3429 9753 6230 2068 5781 5428 337 639 5880 7999 8087 8496 7314 913 776 1850 3200 9086 6659 4741 2667 6431 4461 5491 1268 5789 6835 2436
37 7609 7613 5130 5134 9408 3005 2401 5714 7086 9324 1609 290 313 359 4684 7557 5299 153 2663 180 1640 9981 2112 5866 364 4558 8449 7567 114 3542 1470 3958 953 5779 6055 4300 9895
34 5865 2396 2239 2018 9489 851 6027 7872 7061 3989 7328 6954 8871 2967 3458 7795 1453 5692 3012 488 5078 2222 4142 6840 1475 1633 1529 6076 616 5747 6142 2528 8395 592
43 9371 3877 4071 8078 1330 4170 3534 1067 1051 6402 4386 3318 7379 3741 2562 2613 5862 2989 1121 2826 4147 310 9466 115 6757 4167 7834 8578 7821 5871 7017 5625 5190 9265 441 2434 9947 1010 5375 951 4512 3386 7207
41 9601 660 3123 9166 4662 5967 7230 1505 3573 3587 8793 4264 6690 4201 5064 7108 4696 6044 1308 3753 6006 1706 830 1156 4814 1884 2455 3924 9521 1086 542 149 9620 5582 8555 7930 7478 8317 8784 5621 5666
33 7545 4616 4338 3198 750 928 6623 8651 177 8322 9149 8889 1754 6773 522 9299 2540 5179 9532 657 3751 9206 3140 3900 9631 3351 6713 4746 7618 6650 4771 2681 5107
37 7179 3592 6687 766 8237 5713 5307 4628 5167 3243 7526 1243 2331 1849 3277 3110 2817 6414 57 8254 4541 535 46 4143 3539 8173 3768 6131 9840 459 6053 9032 9953 6011 8443 7540 419
31 5955 9435 89 4560 1558 9735 1340 9675 8249 4550 2055 2931 4272 609 2998 5214 388 4010 3737 8321 2492 3787 921 3980 4342 1514 6366 6631 1212 7775 5486
34 820 5254 4904 7937 49 7026 2101 771 6990 9329 3625 8289 4444 59 4612 8296 673 8601 5422 2910 9070 5573 6020 9530 8444 5061 1510 4536 6273 4510 5521 7354 6787 7414
32 9141 2234 9858 7245 504 1994 7361 3170 8541 5090 4497 9178 3982 3147 7000 3684 3869 6365 4706 4656 3773 1645 5920 2787 9468 8557 1372 6986 5776 6810 6235 9212
39 3766 7439 4802 7042 6935 9967 9304 9721 9974 3049 4377 8649 4089 6567 6515 7651 76 4883 4614 6223 1225 4438 5295 8313 1252 7208 6934 8312 9859 6281 7301 6316 1347 497 6022 4963 7817 9650 8465
44 5354 8039 7576 7115 3968 3126 2506 1390 9428 3410 4126 6437 3348 3500 8004 6436 893 2946 781 1972 1636 3897 9355 6904 5565 324 3890 6195 7373 2700 7067 9009 269 1432 1277 8045 5728 7125 7214 5849 2814 2016 4502 845
40 5266 2758 3815 8246 5777 1398 498 9625 6817 2129 5843 3785 2009 135 5701 189 8038 1406 4862 1719 492 5720 7221 905 2246 342 5271 5264 9663 9834 9062 9205 5560 2618 6251 5344 2008 6783 7756 519
31 6198 7148 4710 6057 964 4190 6312 987 546 8813 1171 440 7200 6315 3615 7550 155 3788 9605 2347 8202 7463 6499 2257 3979 3406 7997 6974 6561 4678 2504
35 570 2003 5244 5868 4356 5176 3777 5059 6183 3095 2080 2413 5817 6758 958 8196 6387 3973 992 6853 8091 8703 1534 9171 1447 7523 2927 6569 1762 860 5317 1136 4767 6240 4254
37 3709 3991 563 1236 3186 1674 1160 6359 5028 74 4241 8369 5297 1023 9008 989 1135 169 2660 8529 4946 7350 9693 5047 3658 1945 7255 1328 1254 192 8077 6503 936 6598 6755 5698 7641
36 6021 4327 1776 8052 3696 319 7670 4130 7321 6291 5786 4845 270 1517 398 354 5389 9088 5458 5572 4233 1814 2934 9652 3578 4927 5819 8393 2311 181 8895 2143 4682 2565 1946 7887
42 4611 1753 405 389 7575 7528 2664 5 1515 7513 6167 7316 9173 2020 292 8015 5093 7388 7053 4727 5505 8667 9262 6058 2974 967 3789 9432 853 410 4505 2383 1628 2885 4369 9774 6059 574 6960 491 2791 4821
43 9488 9756 9440 8120 6718 3278 9484 4716 397 1203 1127 1306 2207 5070 2071 1074 5100 9118 5839 6174 3963 318 7155 6905 4934 9929 8230 1565 8021 6132 3673 5145 7714 9124 7770 2514 2990 8522 3840 362 6496 496 3143
35 9189 3322 5895 6275 1241 2201 4703 6393 8381 5315 2955 5121 9964 6138 6026 1701 8295 4109 6649 733 3594 6938 1563 8921 4056 9516 4154 9680 9472 9399 5101 6303 9555 8771 5193
35 5532 2169 8936 3919 158 1465 7800 5670 81 257 4831 991 7935 161 6893 1280 2657 2560 6802 1456 9570 2312 6307 5980 2118 298 4253 3994 640 5660 5526 4890 3829 4793 5921
40 5046 4753 3128 8733 330 9416 9590 6516 662 7691 7243 3545 3494 1960 8352 6238 231 1392 2645 1063 3574 1169 247 6343 4202 9578 9479 1513 6081 2575 8748 3838 859 4798 7106 573 9015 7063 6804 694
29 6507 2140 3099 9811 4622 674 111 4031 9979 5874 3065 7005 7778 4051 5662 7673 7732 2886 3337 5929 4606 6855 752 8408 4540 265 1099 8151 63
47 526 9157 9136 5241 9850 4214 3866 2013 1772 6580 5117 6676 164 468 7863 3228 3310 8861 8507 2148 5073 157 580 2315 8614 834 4623 3068 595 7879 1201 5620 5469 6568 6070 6608 3413 6825 1878 6661 3197 2904 8061 637 5897 9958 3767
37 7782 5465 548 5973 8566 8778 7728 630 1854 3105 5592 8815 7942 7257 4179 7809 4603 112 7912 1114 3576 3293 2379 8524 8674 7398 770 6913 29 983 4531 4008 3940 9916 8768 6730 2084
37 9054 9446 2198 3367 5619 6551 117 51 358 8562 3863 4583 5108 1866 5943 6170 335 6119 7514 2972 5242 4711 3792 9085 5494 1982 6880 6467 312 9667 7683 1576 3354 7089 3038 7502 7527
39 4935 138 9899 1042 7116 2036 6652 9133 9939 141 3364 8013 5770 1460 4428 7346 1698 5978 7218 9323 6396 7585 1523 226 631 5563 5641 129 9789 6 1716 7666 3369 415 3092 5215 6264 6371 3708
38 9543 294 1282 9494 1238 8000 8477 1694 8677 5314 1389 9072 9218 8284 2589 3923 4930 2014 4335 903 4538 4146 7141 7943 8300 3738 3357 6987 3874 5932 4176 7486 8836 9661 2749 4690 9510 6830
33 1285 4660 2430 5671 4044 5301 2835 9526 4223 7949 8821 5727 7276 2581 9588 5971 2508 407 5810 8856 6333 2377 2486 7827 7967 1686 8940 1333 9342 3607 3403 9192 4625
40 8172 8404 8590 8432 460 3575 8766 35 5125 311 2136 4193 1643 8617 3850 1799 8509 1963 4546 1142 5820 4125 4434 8837 1190 97 8704 3097 963 4463 5017 4320 892 6920 4196 9615 8132 2661 3444 7688
44 2600 3590 3425 493 2265 8952 6155 5855 8166 2755 1178 6464 6186 3905 9231 5749 8067 1228 5192 7157 2354 5998 7620 643 5746 8029 6220 4812 2407 2127 4604 9875 5722 3294 3935 708 4036 4590 2487 2516 3345 2985 1651 3580
37 3883 7175 5462 502 9951 2252 33 9380 9864 7661 9921 9808 7097 584 2389 7150 5230 4578 6175 5842 7909 9169 3641 6953 5331 5131 5708 6349 1992 4225 1388 423 7892 836 1071 3080 6639
36 9053 2717 152 9988 7674 2000 5881 8049 3899 879 3331 873 3858 5610 3791 4443 4431 8775 729 9672 1892 1409 3568 4549 4164 9040 4763 3115 8888 1974 6943 8195 7965 1369 2783 5208
36 835 1030 6425 1247 6889 1923 1560 7679 2194 7629 615 4095 5096 9857 7188 225 1507 1137 3672 6418 8425 6288 6967 1806 9083 8 6734 4484 8664 6981 7164 9208 6564 7134 8964 3116
41 5604 3827 6864 9104 4909 8586 4248 9241 6630 3892 2183 4504 4440 6582 7532 831 4288 8990 8599 8942 8028 2723 6199 201 4731 6071 8635 3977 5120 3998 7048 6828 7544 3457 127 5092 1473 2781 3472 411 9860
34 2922 2482 659 8890 4926 9406 848 3678 6225 3194 7876 5828 8605 4713 305 6323 6924 2929 9706 3740 1502 2696 4499 2190 1669 3699 3084 6798 3226 9505 6149 1185 4556 9784
43 8595 8121 6197 3856 3258 1175 2920 7022 5170 6826 7592 2039 619 5434 7522 7503 8511 7345 2276 7740 6706 5731 2837 588 4404 5272 9928 8098 7657 1107 8411 3910 2405 5996 6040 6052 4411 4683 7631 5635 7839 2149 2894
40 8546 2202 910 5632 8727 4942 2161 8251 3427 4204 5704 3637 2320 686 9280 475 4218 3026 844 7499 1221 3343 6965 9162 8379 9566 8467 9226 2102 6797 8846 3959 426 1981 5633 3062 4256 7806 7534 5561
41 9151 7849 4077 5057 9150 5499 3907 9955 1138 2499 6764 5071 1676 1226 3565 4591 8512 322 2428 9547 3786 4756 8999 9421 1828 5622 9046 6528 9357 7451 9886 652 6293 5805 2844 3601 3734 1678 6135 8636 3595
35 3681 9559 682 6618 2679 8263 4194 3341 1011 5425 2243 6187 7247 5006 3463 998 1783 9122 9683 5199 2466 5672 3433 2605 8179 7342 2046 7713 1449 9563 240 4954 9873 9255 6479
41 3249 957 2795 6770 3405 2841 5102 7845 1174 4589 9461 2525 6572 670 2132 4822 9067 4749 5330 6182 6721 680 7146 3461 8860 887 5636 2650 8016 6140 5607 9948 3498 9878 9586 4735 1001 9388 5970 3826 9577
44 1386 1660 4701 7011 7173 1053 4476 1025 589 4734 8874 550 2078 2629 4402 8939 3819 8338 5540 2658 7159 418 9553 2411 248 1940 4595 1605 284 4041 5824 4242 4319 4936 1881 1266 9030 3101 480 8412 8631 5591 5738 9154
39 6261 8781 7244 5945 2384 9268 7769 3346 3513 3724 0 6666 8262 5404 8260 4833 8855 7554 2390 7290 3926 9694 5040 5982 9653 772 1075 7665 4265 5342 4688 4381 4584 1801 638 7165 5551 9700 1445
37 6430 7402 8934 69 2775 9719 8687 8518 4774 4456 2040 2017 3981 3812 2833 8807 264 9050 8175 5114 1763 5150 3204 500 1240 9758 9623 2443 4039 9539 1815 2189 4479 6626 9768 9982 7456
49 7735 90 7343 78 4581 3505 5151 4917 6410 1600 8991 4858 9745 9310 4247 6160 4064 373 2643 2887 5249 1126 9414 805 4371 5075 920 914 2970 1530 4492 9999 3371 9644 5004 3689 2421 346 4121 1900 5515 7705 856 2105 4274 5432 3355 697 1851
40 577 5370 4773 4957 6563 5181 5585 5912 930 5759 3297 2774 2509 332 9363 84 223 9278 3061 2631 4838 5248 3418 4800 7325 5034 7211 5576 7862 5888 3613 3577 8823 7505 3652 2544 1991 8167 6216 6627
37 3922 6234 3051 5965 837 8714 1373 1198 3205 760 3156 1427 7753 532 5200 8149 4213 7167 3108 3747 4328 4043 6571 988 8430 3591 723 2503 614 7376 1263 6184 1891 9474 9827 8670 4347
39 5934 7794 8073 1926 6910 931 919 4104 1735 3667 2286 1329 8665 1085 5691 8390 1314 6945 1914 2551 1726 2108 1578 1654 9386 72 847 6109 959 607 4449 3014 8197 6667 6881 9542 5991 8009 9941
46 5388 7662 6250 6871 2293 4718 6073 7467 3479 6747 1151 4885 7455 1692 8602 2867 8894 1244 7443 3094 4919 5497 5104 917 5191 7102 2690 6373 2240 7339 8169 6489 2856 7332 4150 7386 7738 2862 4827 788 7246 7608 7422 3913 2249 6491
46 3042 3256 1048 8995 4751 3181 6482 9930 7120 4050 2746 3036 1750 1420 6979 8001 8463 9186 1971 4376 3685 907 3284 585 3674 6104 3327 761 8048 6604 4429 4899 3561 4920 9569 821 455 6832 2269 5864 4841 9765 3796 6680 2956 3232
43 3775 4057 626 9636 1608 1429 813 4788 2279 4358 8679 230 9437 3313 3456 564 2977 623 6545 1416 9560 6617 6494 2133 6083 3967 1116 4846 6383 1949 3593 4210 8101 6801 6139 6308 1601 9698 2881 145 3554 9544 870
46 8983 9718 7487 665 1520 3702 4867 7719 4175 7981 8506 2281 9116 3241 2004 7509 7242 1952 8787 7558 4157 3939 3013 9487 4596 9779 8303 6346 672 7504 4781 401 6196 3081 1404 6838 2938 9134 9164 1655 5050 3188 977 3901 7936 8194
43 3448 9764 7539 3149 5794 9806 2768 9907 4144 2873 1787 2298 3480 2064 9126 7304 6651 3273 7059 5974 9458 140 6996 8886 6466 2181 9156 985 4035 9239 7476 5194 9114 9125 2356 9148 4877 8830 5569 8216 7593 2494 2518
41 3387 5959 1062 9589 6857 5613 8277 5461 8266 9565 8638 5802 5238 3670 3835 9247 9092 7288 9232 9252 2419 1391 3319 307 5799 7027 9701 2676 6477 195 4721 6289 894 5391 3649 7726 5787 5918 6596 1911 2423
42 295 4189 8364 5535 5077 5555 968 130 2459 7482 1133 9391 4677 261 7745 5601 3606 1920 4599 8231 2671 6362 3884 325 3046 9144 7510 1366 6314 5164 1332 5172 7121 5907 9535 7900 6266 9444 8416 6173 126 6301
50 4052 3233 8579 5482 1807 7183 667 3953 2971 7253 6459 4391 393 745 7227 2687 5439 5769 8967 6814 4019 2314 237 9824 6380 6644 6714 5026 6512 3085 5986 9901 2988 9911 7193 6067 4000 8838 8811 4326 2627 1834 1287 4973 4268 2959 4699 7470 7215 2451
51 3511 8407 3611 8447 2069 854 6925 9076 3283 9754 3267 3680 6876 1770 7572 5596 3420 5159 7419 8042 4990 1647 715 5309 5162 7873 3136 1482 6624 4332 2593 1161 1087 5362 763 935 2905 7987 1297 8685 4884 2691 6867 3547 8487 9580 8228 2809 3857 9741 5885
46 5371 773 7569 9037 4996 1014 6313 9549 1592 9394 5639 8974 6535 7135 8153 4344 5290 7282 6388 6809 4139 6827 7083 7225 7070 4618 2208 9142 2172 8065 7139 3521 8203 9069 4664 9557 1361 6360 3760 4384 8928 1967 8240 4419 6179 7341
48 1808 7633 4398 6785 5846 7867 3903 2236 53 4183 1677 8828 7111 841 3481 2725 7727 4140 5530 3415 8956 7118 2077 9598 9852 6712 2798 6054 8608 4451 9401 3217 1912 783 4624 8010 5300 3208 7477 9112 8658 1015 9045 8270 9573 5930 5065 7996
41 6781 602 1758 8050 4530 5916 675 5433 9317 6037 1532 9593 2062 2948 5905 55 9490 9060 6786 6653 4955 2270 5655 5464 3621 6695 757 8126 6116 4366 8018 2926 4346 2848 103 166 824 4635 7718 4747 9600
38 6683 8183 416 6474 6664 2479 5826 4152 9263 408 4627 456 4524 9798 1980 8689 8466 5289 9464 7792 1029 6591 3389 3325 5394 6689 7 8600 9881 6517 7617 9759 4237 1211 2911 3970 503 6172
43 2954 5467 3765 1734 4937 3845 6922 8250 4553 3091 2868 7406 2158 190 1837 4306 4720 594 7712 2811 3585 1838 8597 4493 2026 370 495 8212 4333 4206 3691 5039 3239 8117 253 9934 9705 172 9100 4345 8314 8470 3082
40 1364 3860 2005 2583 2933 9537 6395 3203 2680 6412 3262 1309 7672 7068 6735 8761 8883 1832 3639 8221 1571 7248 9266 7940 8457 8785 1953 2619 372 3510 2422 9978 581 9285 2567 2031 2380 1653 6320 1778
47 1579 596 7643 1752 5511 4535 8701 6150 7538 5079 956 8256 7927 4542 1519 1679 521 8253 4921 3515 2325 2666 7171 7757 4723 1713 8283 1117 7438 2726 8342 7263 6886 5408 1583 3930 2571 8979 262 4702 12 4811 2481 9782 4235 6017 5273
51 1826 666 7822 6257 8386 1143 5041 9366 16 4046 3326 7988 6519 3158 3711 5490 1120 4374 7195 4818 3134 3146 603 9716 7962 1353 4448 5067 9564 5737 2029 5419 9480 2002 242 6702 4038 8576 8802 3706 5615 1518 7856 5586 4947 9003 7861 3918 3876 6202 6014
43 1271 1805 2554 4896 9378 8494 5542 9107 7369 9853 6615 4388 4864 6364 3286 9502 7355 909 8721 99 1873 9047 3043 2899 8291 6788 5807 6549 5141 1857 7902 2197 251 3196 6153 1820 390 5717 8743 6133 9404 8753 7649
45 2648 9211 1038 1492 1130 3867 4259 7842 8820 443 5435 541 5512 8365 4025 7291 7037 1020 4292 8976 8907 9287 918 5804 7385 5718 56 7013 4740 1213 3445 2898 2827 9319 2545 1728 2214 3752 809 891 6921 5736 2530 7652 582
45 2414 2858 6816 2838 740 9395 9084 4348 9994 8680 4888 7131 8857 4153 6763 8106 3003 5450 8688 3067 3129 386 633 5340 4742 2192 7762 6247 122 3965 8427 5316 349 9713 344 787 6041 8582 2448 4680 1615 4353 2157 1868 1993
46 9670 7511 5049 6980 5492 3781 5148 4181 606 3541 4722 252 6331 6097 3407 1880 3635 4284 9068 6601 4424 9091 5539 6078 2951 6962 4654 8138 424 9611 3566 7904 8428 8853 3538 5158 5764 8777 9788 1550 5844 340 119 6737 7886 1363
48 8725 8103 9662 4922 1938 2049 3762 7441 147 36 9795 6163 7847 4519 5429 199 7941 7589 4617 7099 3896 2015 7725 1536 1848 1581 8233 9518 6789 6777 9511 6193 458 8822 2628 5089 1318 296 2065 1279 8712 6203 5161 1928 4965 2406 8945 6090
54 9014 929 7313 1712 7475 9785 2343 5005 1197 4983 7381 385 6419 3715 597 4938 8652 1395 3563 1045 2610 9370 9303 4180 6484 6156 8650 5581 7184 8550 2821 7217 4534 4570 7506 2361 767 9132 4620 5558 3990 2597 7287 7754 8736 3936 9143 7518 5549 9422 1350 6442 9204 5517
52 7277 8085 1424 7222 479 8134 5545 5448 1049 7430 4076 8737 9571 6049 4315 150 7660 4527 5975 3176 4500 4792 39 300 3131 5963 1044 6811 4098 7035 3806 6072 5541 9021 6353 8034 4787 9199 1775 1159 9369 5710 4979 3614 1527 2812 1798 8619 2594 5044 2480 233
51 3117 2607 1425 2652 3235 7458 487 2037 1675 3139 1283 9184 9172 8488 2477 3069 1792 5906 529 9261 4199 3269 6540 7763 4610 6334 4070 3088 6127 1471 5626 9639 1324 1658 7302 7454 8852 6335 3478 2964 8510 5261 3148 5667 3138 1345 6955 3106 6537 5211 7577
52 9038 1204 5324 3630 627 8445 2221 7158 7637 8913 4948 5863 9235 2403 9495 5278 7748 6287 7531 6025 6224 9651 6375 1761 2287 9923 8843 6050 6884 801 6682 6937 1072 293 9691 4485 4848 3627 8527 2978 9766 4840 4895 5734 8731 448 3072 7294 9866 2901 973 722
50 8551 7639 6845 9352 6363 2353 5910 6177 4298 6634 9781 7202 4953 3192 7190 2066 4081 5993 863 3828 1294 8882 6345 3599 7206 6306 9419 2070 5357 1286 3372 176 165 1586 4296 7933 6077 9524 8043 2308 8935 4532 7107 7789 4714 4586 1773 9969 4188 4361
42 1641 7984 9755 5127 6635 8547 2469 4436 5456 3291 3118 4486 4472 499 7916 7163 527 8899 3695 7948 8279 6698 1057 2527 9624 7273 2625 4216 8357 8998 5788 9301 5686 4783 8516 7843 990 2456 2969 2007 2561 5638
47 7080 352 1109 7611 1339 2614 1278 8575 6658 320 8417 3934 4370 3304 7536 6705 3402 2685 2897 5611 2404 5732 5972 7556 6607 6991 2200 7898 9066 7959 5745 1922 7736 9402 9364 4651 9686 8112 2264 8708 509 2478 8583 6269 7348 5707 8696
47 9282 4122 5537 1809 9130 1417 3620 7232 7986 1430 2609 975 6616 1904 9376 7305 7525 6927 6749 6063 4637 3495 3344 6565 4421 2714 8702 2806 2445 6043 7716 7780 9608 2363 2669 8556 5665 7413 7807 7730 7951 24 8750 518 5204 3555 6614
55 8961 8227 747 8927 1499 4415 2966 949 9892 9909 7356 8483 5687 3742 1248 9012 9739 8115 6143 6684 2845 6228 254 3271 9387 8773 2425 4406 4299 471 2402 1656 4405 1733 1844 8923 2089 1703 3862 9036 823 7220 6248 5337 5985 2976 8376 4026 3816 4352 5960 7978 283 9418 8909
49 2586 2563 5944 1060 8919 9646 128 4573 15 221 8711 9165 9121 5396 7664 576 3340 4163 9952 4101 5852 4430 4316 2686 7114 412 2704 982 3692 5643 2945 5733 3365 6870 5328 5364 6642 6391 7360 4108 9977 2626 731 6068 5548 8501 7837 2630 2497
44 6729 1831 3302 7744 1745 2418 3744 4005 3518 3332 8410 3556 1310 1668 4262 1000 9809 7612 8435 8255 3646 1830 1469 101 3971 2665 6645 8473 7497 5684 9722 7169 808 8902 3713 2706 7677 2094 4518 7002 696 6413 341 8311
52 688 6392 6214 6347 6258 544 8003 291 2 5574 9817 4278 7412 8006 1836 409 790 7765 7776 259 8384 9279 7860 5782 2759 9681 3437 9098 6403 1495 9671 6035 3189 4876 7145 6536 3793 7137 8188 1989 4360 4459 2088 2828 4872 1270 8589 9383 2155 3642 9410 9478
53 3353 9117 336 4458 6416 7481 6374 3350 6421 4252 4302 7668 6411 5446 437 6538 7473 6711 3431 2857 8047 133 8639 3393 2675 8348 7431 6846 2130 912 9626 5414 7113 4982 3206 5088 9306 8739 2437 5091 2553 9074 7604 2866 6327 9001 8891 378 3540 4832 6511 7690 2254
49 9194 1125 3656 6351 6869 3898 4227 3707 5313 1412 1944 3151 1064 9889 5951 7706 8347 3020 5137 1182 5347 986 3849 4128 8109 3096 5899 7079 255 6232 7814 4022 9259 1755 1381 8706 7619 8002 1227 1543 8305 3962 8298 6633 2213 2532 9343 6088 5410
49 2452 2921 993 7694 5917 1139 5156 9816 9632 1907 1095 1821 9183 5510 4941 822 3795 1214 5000 6192 9845 2981 1936 3109 2460 1426 9230 9801 1026 2458 6095 206 1041 3022 6911 88 4450 8695 4631 6222 6495 5032 2999 8978 9431 4977 6121 7911 2103
51 1785 7216 2472 3694 2141 9052 309 1055 5163 5739 8641 9044 2843 5514 4844 5311 301 9703 8552 1630 1544 6352 1870 8371 4633 1033 6877 3261 9726 28 6107 4102 6031 1979 712 880 8818 5677 2533 6356 1393 6181 806 4600 368 1150 1638 825 2957 3107 7326
46 3190 4980 1574 8949 7084 3201 8261 7721 8957 5228 5796 4452 7875 2705 6354 5080 1962 9135 1459 1616 9427 1780 9465 5003 1684 6285 7685 5893 8676 9275 7391 2621 6593 18 1112 7524 8192 7991 3015 5256 1464 1551 4418 4875 6843 3504
53 4049 2785 476 1191 1348 2813 9224 5345 6237 8693 6753 9629 8958 2301 9943 9851 644 6612 5834 4985 3132 895 1840 4738 5385 7823 2344 1823 7262 6641 2932 9684 8280 5743 8163 3726 898 3586 2865 857 8058 8520 7616 4138 8533 1975 7123 1559 2134 7315 8360 3517 4915
52 4172 3288 5984 9361 5557 2736 8613 7442 1462 8281 7185 4117 8398 9338 2595 1207 753 7906 5793 6707 9689 9618 7104 9217 5373 3814 494 1537 414 7040 4554 7241 6381 4445 4203 890 1481 7658 2162 1951 44 1580 1939 7090 9912 2306 7921 5712 1106 7049 1637 7747
51 4994 5534 1275 7323 1659 4636 2126 1777 3651 3908 3336 413 2646 2178 1526 7939 9855 6018 6010 2121 5063 8713 8796 3805 6724 7961 7410 5421 3255 8930 1463 6370 7469 7224 695 3676 1337 9508 2203 2962 9679 5110 4224 4913 8060 3956 2952 5690 4871 1793 819
54 1817 9155 8504 9202 8903 3693 3027 5653 5349 3764 1612 9915 9356 3644 3489 9531 3865 1872 4945 4652 6590 2100 9332 3290 1934 1847 6892 9453 6502 1054 3552 9647 591 4159 807 2598 4220 5338 885 2875 1005 8127 6799 8779 9805 105 3451 2119 950 4708 9838 3071 6061 2338
48 2368 9111 4119 6638 2864 2297 5209 8017 61 9732 5680 8663 6128 690 3114 1317 5879 8593 2513 4212 4295 3174 8842 5833 1774 6977 3822 8537 8795 9237 8071 1343 1687 8881 6592 2177 2721 3943 7457 2731 7280 65 8880 8353 3529 7187 900 1766
50 6229 3075 9727 4803 7695 2649 8699 8829 3557 4096 8328 530 6361 5035 2030 7091 1256 1172 2852 7025 4011 5270 8190 999 3571 875 5891 6468 2958 9000 7548 7749 217 8382 4462 5155 4267 9022 5702 2095 7791 1943 4995 3308 7435 7174 7655 7066 6065 124
48 9246 7855 9695 271 1704 4217 7699 8108 1165 792 5925 4969 6244 3086 4363 5508 3398 4544 384 5124 7400 8824 7884 6398 9002 367 5098 9709 599 3245 3031 4778 1334 2180 9843 7269 1384 5381 1183 6848 6501 3135 3447 8981 2267 8479 4707 3952
55 9475 7427 691 7720 4794 2152 9584 5310 8053 6822 6681 8176 5218 4116 3745 9451 9737 2552 3487 5440 8391 3546 7432 4002 1825 1483 2944 4748 2682 6462 5268 9712 1403 9345 8869 246 3414 8208 1582 4198 4772 9305 3307 2896 2732 2694 8987 7764 5948 9829 1367 2587 2611 4014 6164
43 1959 9284 3987 3811 4186 4030 2154 9583 6978 1620 2233 3532 7284 2052 3743 2924 3449 8780 3054 8031 2692 3329 5927 19 8304 438 7913 4073 9245 3469 1966 7128 8742 2491 749 4197 9687 1313 8374 371 3381 9932 8114
52 8858 1556 7015 8481 1196 1818 3844 678 6348 4495 4673 6274 9439 2960 1883 1039 7462 3229 9835 1915 9228 2316 8137 278 4113 1927 4693 1673 4496 5957 326 1480 7051 7971 3017 7535 7250 1251 5286 8104 2336 5593 7008 1672 3468 3474 7850 5007 8715 5851 7162 6588
45 2870 5898 3044 26 4279 9592 4249 5182 5066 4621 484 1725 8904 3675 1218 7352 4898 7404 5442 7298 3700 7058 3886 2364 2333 1748 4911 9946 1561 4528 2816 1077 7686 5319 5234 7101 7512 1115 8165 120 2789 6390 277 6632 5320
53 1040 5503 5668 2756 462 2912 4001 9777 8634 3335 4004 2142 4413 2624 9634 4124 1233 1986 5451 5441 8378 3382 7853 7500 955 3824 1732 2321 6336 755 454 2602 9746 9271 7311 8719 7565 4409 11 735 4571 3274 196 1288 7731 3083 2616 7697 4685 4063 5681 4916 960
54 4967 3361 1365 5886 7636 3333 4151 7449 9115 7667 8681 1760 6752 6446 6738 3887 5074 4110 4657 648 4435 4132 3730 5579 6298 4918 6518 583 4648 7635 5186 2420 6739 3244 1234 7627 8209 2196 8905 5709 1869 4681 6339 3583 2834 4981 2041 1503 1484 8819 4097 7908 6576 4576
52 2038 4466 5876 726 9248 7606 3519 8415 7014 2218 706 5105 8460 6523 2511 9973 3817 9628 3846 9844 2032 2348 9312 7044 369 4970 9405 1906 4475 8186 742 6839 9944 2081 5143 1663 9433 7480 4468 8433 2063 1305 3328 8236 5372 9094 3366 966 6969 6587 7272 2659
51 6933 5336 1846 8207 4166 6983 4629 2339 1547 8924 308 5312 4880 8700 7610 8931 5083 8337 3011 6742 1094 7564 2283 2226 2219 5628 744 8259 8491 524 549 4770 6469 4863 3230 3338 142 9348 4613 2483 3527 7152 6533 940 9828 6762 8092 5473 6546 3285 6051
58 2440 4107 2772 5941 5529 8740 1597 5940 9139 4018 971 6500 8201 7296 7278 5772 5012 5397 391 8628 1002 7983 1467 9959 8436 1068 5220 3211 6594 3137 5081 884 5806 4103 5617 4498 5697 4668 2277 7797 6831 5892 4403 5765 5243 2884 1765 5937 4561 8916 3931 9731 6029 6189 3159 2493 4364 8351
56 4805 3628 7871 8513 3640 3932 229 663 304 899 2359 6036 2745 3281 2470 5146 1419 6171 6914 3191 3484 924 8611 9326 4148 1122 7212 1173 9140 1584 9922 2592 1291 3945 1394 5283 7825 944 1110 8326 10 9602 2302 1281 7281 8559 6704 8164 4552 6404 4548 5877 1315 946 7722 9770
58 671 5149 5889 417 6597 1964 8954 721 2057 8970 996 4350 513 1253 4055 5763 3774 3925 7334 5327 5694 5913 2683 8489 5962 5443 9264 7546 2727 6079 8133 9337 9641 7507 8086 9938 9234 3133 8451 9013 9063 5019 4255 5009 3163 4271 3710 9244 8024 1022 8585 3161 7852 5481 9330 4184 4789 3748
52 1572 2636 3179 1113 6640 9752 1239 2429 3755 7773 6847 8528 2909 360 8159 4892 6862 9160 6024 6665 7586 3894 9609 8732 2125 8226 9011 6204 2299 4187 2997 2045 3428 3976 8064 7599 5933 4849 8344 7799 3438 9291 6260 8535 2510 9971 6842 7841 4923 3006 3048 1635
50 6428 7833 4830 1599 7047 4349 7395 6720 6671 6151 5598 9761 2048 2058 6874 5133 8274 9203 2050 9497 3317 5761 5994 6908 1894 5378 4676 645 3820 9473 6685 4359 8452 3475 9137 4755 3221 1497 5445 5538 1378 1957 3098 621 5845 8774 1916 3531 9799 531
58 3183 7382 1942 8184 2519 5654 515 4314 6859 5168 4931 8581 5935 1603 6268 8025 2255 6454 9780 1796 1405 3441 3390 6134 4080 8975 2187 1351 478 5060 1903 9730 8271 4861 4854 3052 6458 9574 137 2471 3165 5358 6771 3459 77 2709 575 2123 1323 5859 7772 6038 4526 1791 6647 9527 537 4901
59 2734 3187 6423 9360 9498 8366 5213 3380 1737 3391 1210 4304 8564 7896 4630 8486 1089 7703 8294 4582 4667 4511 4382 430 7696 4779 7588 5519 1496 9617 2889 6075 4149 2754 285 6505 4786 6087 7826 3964 6805 6194 2317 765 146 6086 8247 218 5466 6901 7156 2385 9293 9968 3589 2585 4339 2367 7460
58 7851 9215 8854 8315 1893 1531 7724 2693 4408 375 5744 9223 6309 8182 1301 3362 7407 9057 8826 6993 8066 4276 6450 7033 14 938 8217 4836 7829 5123 5236 8199 8331 7127 2515 562 2733 3564 728 9210 4729 4209 8647 9221 2638 9277 1626 4367 7810 9398 8986 5609 7474 3957 7399 1990 9802 1921
51 9168 3247 2086 8841 4400 4455 1969 62 5401 9314 1431 798 8892 7645 8604 2262 3251 3321 376 9283 2462 5790 5484 2341 7881 7231 7133 4879 8056 2580 3843 4563 9449 8229 6733 37 9020 8606 3661 8241 6532 717 8660 2268 451 4592 4422 6498 2678 9481 8694
58 187 2378 5147 8424 1205 5153 6407 9980 4817 738 4282 2674 8920 2027 1871 8812 8862 1206 8437 4401 1709 4547 1056 8686 4177 7012 8422 6530 3370 5642 904 302 7428 923 2319 9429 8525 8403 2035 3809 3966 786 5589 5719 6769 3559 2360 1947 4646 1800 5809 8272 3467 8187 3349 2670 9296 5723
63 175 6613 4065 9826 8400 2604 1835 7351 7020 5251 9836 73 8368 2468 7203 9272 5457 5253 4134 4003 9728 8448 2825 865 7043 9902 693 1146 6350 611 3113 803 6940 7578 4704 4842 4837 7357 829 463 154 4234 9775 2461 7818 8922 2612 2250 6688 8567 5173 3214 3041 1295 3664 8070 1607 9995 2386 9607 1864 849 4171
56 7653 4114 9872 1816 5206 3476 6445 3612 2860 7147 5857 5901 6427 2642 720 1242 5175 881 6999 116 5766 9367 2235 1885 4761 210 2739 4700 4737 5493 8171 4389 5043 9105 3485 867 7420 6420 6101 7461 7977 2072 2282 6317 7453 4615 6660 4580 9869 937 1255 6332 6480 1954 5269 8385
62 6340 5524 8299 3772 4797 8297 4034 9079 5968 60 1059 4795 1794 1521 7840 4672 6218 4325 6084 1104 871 3603 7761 4687 642 4835 1303 5367 4160 5427 3889 8560 4317 8759 1047 4843 1789 2113 1338 7628 3222 4372 6949 7170 7226 8508 1155 8951 7562 2284 1997 4593 6103 8994 1509 2572 4380 5489 6722 2968 212 7907
56 846 6931 4769 1855 7543 2137 6985 5726 2450 9648 4385 1759 9182 2558 4158 6033 2122 7039 9677 8616 3356 3514 7378 6841 9734 3213 8319 1013 3359 2521 2229 2128 864 1284 5979 7057 8069 8359 1506 5735 2285 3996 5599 4959 9065 2703 3653 6358 5543 6821 2075 5915 2215 7270 2582 4539
56 3496 8971 2205 4650 7394 8745 1267 3177 5400 1740 2840 232 185 5784 1149 7468 2415 4929 7811 6918 5811 1618 6544 533 5606 9666 3073 2695 2111 2432 4557 3596 5038 8396 840 7684 8767 3666 433 7092 1455 506 316 3112 2427 486 396 6972 7729 4674 9349 4135 4111 5227 7947 5033
62 8946 5588 9213 7760 4246 5334 5740 8657 5938 7384 6961 1124 6995 5724 7299 7960 3871 8005 2176 4559 6188 8917 3330 1444 560 1069 5894 2900 6716 2082 3477 5202 1383 6376 3799 3047 4555 4321 6946 8420 3776 6894 6529 8301 2880 7594 7452 8160 4733 7052 8648 9865 9517 2345 1385 7261 4354 8539 3202 8683 1690 3634
57 9058 2996 3491 6891 2332 8850 8797 1410 5237 4480 1448 3009 9773 8966 6746 8754 1784 8022 9880 8723 1304 7993 1693 6586 4728 4565 6178 7844 4829 6726 5174 3499 9567 7975 2839 8116 8800 8839 1043 6004 1157 8181 6158 1202 8521 7252 374 3141 7154 6028 8011 9463 561 1399 8268 6732 8898
59 7642 8125 5952 8286 7358 9019 6973 779 4834 208 8046 6007 6919 5838 734 5183 1118 5279 8245 1524 6085 5405 8801 9906 406 1461 1494 2741 5730 7758 5037 6963 8414 7848 4609 6487 4649 3077 6165 3223 118 1827 2109 7306 6887 4905 3450 8637 1474 9023 9613 3522 8105 7926 1184 764 1738 6656 4712
62 482 5703 7297 8383 5097 1924 9747 2365 6092 9129 7723 3716 132 6452 4478 4457 6550 9949 4679 1193 4281 8147 6585 6206 3584 6082 3199 7112 4551 9800 866 9290 6629 9469 9630 5252 1195 3408 3852 6736 5444 2023 7640 7446 4024 4816 4810 186 4790 4999 9181 8554 7746 4666 9099 2441 2357 7371 6094 4791 2804 1235
52 4768 5645 4447 7946 656 6928 6294 3735 3455 236 4387 4465 3520 3770 8238 8150 9368 4290 239 9833 7491 2372 2251 2872 6807 4525 8758 5614 241 1265 6527 4023 7283 5094 7160 3617 5339 9048 543 5873 7445 5624 9924 5459 5430 6929 4698 7801 6776 3305 9882 5836
56 1179 2993 6879 1768 3551 8080 1192 170 1422 5022 3917 7347 134 3079 1368 1258 5406 6385 1163 5106 5352 3834 9007 8278 6915 1829 8185 9483 9400 6384 2224 7813 7210 2684 1931 3466 8161 4464 6118 1200 6259 1843 8079 1031 2566 6209 3729 6818 8953 8893 9080 4257 5374 2829 3872 6942
48 156 2091 4236 9445 2793 7922 429 9042 2051 2569 4809 9362 8123 9375 8505 2412 1320 2465 6941 9334 6743 802 4750 5187 2653 2740 1336 6476 1623 481 8827 4972 7920 366 5792 113 3848 2393 6408 6136 8244 9778 6397 1446 3985 8290 6217 5562
58 9106 8644 558 3265 8399 1976 3268 6382 1220 2578 7408 8377 1167 7483 1671 8213 4047 4178 5291 5768 9372 5600 2903 8334 4420 8475 8621 3657 2206 4033 2888 9209 7353 4865 9717 5841 6775 179 9294 3915 5165 7274 1362 6917 1443 7197 932 2328 7119 6709 1958 3311 4619 9904 9987 769 6524 655
51 7828 3562 8654 5914 5903 1100 9621 5226 289 8594 3225 6854 106 6328 9420 5547 9720 8145 1650 7596 6429 7973 178 6457 2010 539 2387 8168 1088 775 8023 3602 1741 5773 7832 774 8198 6984 3526 3270 8157 5981 4705 399 8515 634 9320 677 1486 3697 2620
48 2995 3636 3704 3460 4392 8356 2963 3582 952 2770 7375 8673 8741 8358 6609 1889 1723 5281 872 8844 7429 3801 2464 6226 981 2326 7236 8519 1224 6120 8671 6863 136 7266 2476 5922 2079 9945 4416 4061 1682 3588 6654 3168 3207 501 3719 3218
50 4494 474 5383 9787 4068 702 7625 5612 7974 7239 8478 9546 3439 1555 2799 1083 4489 5847 710 1489 3807 861 2617 8675 9668 4129 6302 4059 1 8866 6124 1710 7447 7573 3736 2764 5753 5814 3947 1017 485 8306 6201 7396 1937 453 9113 5471 1105 6883
57 2822 6570 3581 3025 698 436 2496 4481 7496 1863 571 1016 8884 9963 8831 7110 3299 1602 7693 5189 392 7484 6191 5699 8536 6486 6272 3220 6741 7199 4072 6451 8051 9077 2792 6792 705 9396 6401 4939 4007 1617 9744 5217 3257 1546 2376 8747 1790 3111 5725 4291 6311 9927 5926 6161 2400
59 3875 445 523 1956 8870 7969 961 817 7295 6794 2167 9258 9825 2794 1222 2601 2722 8040 5822 9917 9793 5661 6997 858 510 7308 8963 2973 4986 7493 4471 6100 2193 1511 299 2043 1346 3880 4513 6896 3282 7786 727 6700 3523 4971 8531 6355 876 1500 6602 3219 7644 3859 1316 3779 5650 467 7966
57 2098 7205 8698 9594 159 6001 2890 82 2253 215 4739 2024 8257 6622 6286 8154 2707 6344 9153 7767 4028 228 1321 7549 777 7953 6147 5752 6166 3567 8867 6180 1632 3376 8158 444 9534 9846 8692 2688 6834 7085 7034 9373 9879 4427 8388 7073 6239 1108 754 7711 6745 7858 31 8484 9767
47 586 4796 6227 7793 7985 2168 8615 343 6686 8911 1888 6675 2028 7824 778 2124 5830 403 709 1744 7130 4120 4230 9757 131 1918 8210 6628 5989 1973 8367 9867 9005 2490 2861 1722 2159 1232 1646 5011 6579 3841 1685 9253 5946 1634 3289
47 3236 5030 2517 1021 6265 3921 5566 4239 5416 9096 5318 6547 5969 6236 9658 7122 9575 7838 6367 1418 143 5132 5152 3677 1457 4488 1567 5590 7365 8155 2131 7624 7098 279 9649 9061 7465 2392 8985 826 2398 2559 3938 2718 9041 6988 587
61 7320 4891 3423 9243 9031 2777 2512 5129 3385 9606 9384 7367 7249 7180 7488 7866 9975 5748 2961 9415 9056 323 2647 8455 6386 2416 2500 4294 5048 9552 234 4280 2185 5546 5076 6621 9426 4085 1941 6939 2259 4991 5923 7646 1476 6605 7954 3309 2655 897 1331 2374 828 2294 4993 2104 5711 6013 427 2501 7029
57 7132 1472 8669 1833 810 2876 850 896 7516 421 2608 365 8572 2435 1411 5274 6715 3813 5384 6856 1708 1548 1908 1867 3124 7846 3771 9185 7077 3063 4855 5646 2979 5409 8610 3927 4509 5154 8461 3885 4868 1246 508 1970 8662 4211 4626 3739 1782 7389 6541 8088 2340 1374 9710 4517 5780
50 4801 654 9960 4754 3972 2769 4192 5423 4887 3292 4394 3604 5760 2303 9885 3215 2230 8944 203 6574 9090 6882 2539 6829 1642 7919 9207 2204 6483 2369 8490 1382 5095 3895 5958 5447 2173 9676 8997 3093 1569 4744 520 5025 6548 4362 3374 6002 2093 7166
41 6950 9581 2209 1568 6982 6154 5387 6283 489 4048 2247 1028 5856 8988 4726 7990 4658 4425 2534 8925 2730 4351 8362 7630 3650 1858 812 7093 5431 8612 6023 1438 3087 267 7501 6926 7857 197 8343 4228 9863
49 4467 2823 5801 6956 5326 9743 2241 9492 3295 1890 4567 7944 2853 1998 9339 4289 8993 5068 400 4958 3825 4906 5395 4100 2577 1968 2615 1358 984 6521 9794 7181 8082 5246 7003 4399 4357 5602 9541 8806 6047 1501 6723 5785 9198 7868 7551 1119 9476
57 2849 9692 4671 7030 7421 5247 3264 6655 8438 4903 4069 8093 2591 9622 4642 9854 1219 5023 4641 9771 4168 3379 7928 5791 2913 3360 71 8248 5716 4851 3942 7831 449 6930 1876 6326 3056 7632 9897 9614 1649 8397 3342 2750 1984 1528 7198 9313 9146 9657 50 5341 7228 9034 2248 3717 2779
50 4078 2381 2765 9538 994 4088 3312 3954 5883 9803 5177 3528 5700 2689 1307 4062 1557 2188 9821 9750 1176 7300 1879 6337 1498 1145 6321 3978 7700 8764 297 2568 8333 762 8119 536 6417 9509 2596 9316 1230 1008 4709 8361 2529 5140 3426 1995 9576 2819
54 5835 8097 4852 8372 3756 6610 6888 9459 5520 1644 2053 3847 3783 8454 7915 4975 1245 6944 1657 6015 995 972 9812 4127 7423 4988 6449 9249 7877 6137 1147 6836 9390 7075 48 7124 4310 7889 7292 842 9017 3754 976 1757 4987 8580 6297 707 7254 4912 8716 3995 7289 7411
42 2150 94 4473 5112 1123 7742 9097 9961 3486 8646 4205 926 2937 8493 6824 9842 2547 7802 7275 2935 6813 9158 5840 5265 125 1401 9359 1667 8972 4893 507 3162 2164 348 3732 1065 945 139 4324 6241 4850 7074
49 8220 3363 4760 9868 5475 9942 2012 540 5258 2914 9382 6566 3619 9936 6559 3648 9260 2735 452 5983 2522 4266 6176 782 3175 9931 713 7265 2225 5924 2475 193 4244 7733 303 4191 8587 4086 7710 5853 3690 6219 3969 5656 3497 5992 9496 2117 3483
51 6130 934 2163 9888 1468 27 7235 34 8540 5460 1325 2085 4784 9678 6554 3103 9315 425 431 1269 9883 7062 8224 9089 3631 1319 4952 8538 1371 3629 3010 1856 2424 6426 7893 214 7018 8498 9119 4522 9596 5884 538 3549 1273 1987 5544 8354 3725 3823 6694
52 1434 8849 8544 6791 4989 9336 1140 2042 3618 4655 171 3443 3854 6994 6744 435 1895 9240 5502 4736 8211 5659 5119 1349 5597 7082 3434 4873 7370 6115 2790 3778 339 877 2171 4813 6692 815 9810 379 8960 8847 4847 3248 5103 6558 3999 5858 5321 7293 6089 6455
45 9413 9742 1965 2146 1512 9887 4824 9515 629 5210 2710 2673 3019 3830 8235 5523 4432 925 1688 21 3986 868 3314 2878 6951 6129 6508 5015 1170 5504 1662 7238 2324 3961 7515 6009 7932 7808 7189 9985 4725 9298 5663 1274 7204
37 2635 9392 1187 9443 2570 4 3462 9120 7054 8285 4758 4575 9733 1610 5900 9254 8325 9087 5480 4136 1097 3502 32 2761 5800 8630 6895 7307 4839 7622 7803 5287 2272 268 1379 6122 2438
50 5455 6056 2830 2090 8851 7864 40 3524 2535 3703 5229 5351 3040 9599 4692 3100 4396 8309 1259 5055 886 4665 7766 2495 3488 2818 3893 8864 9177 3401 8223 7126 274 8242 6861 5239 6850 3193 9528 3419 8495 2271 5977 3550 5288 4330 8570 6514 6243 1208
46 4141 4397 6557 350 4717 3682 357 9874 216 1542 4015 3654 6162 5757 789 4997 4691 6185 9093 3506 9412 1158 3490 545 7989 6114 4045 3759 3446 30 8355 5695 9507 8200 5056 4645 5212 3473 9896 4853 6875 5267 7571 4491 6372 8863
46 9351 9740 7219 9699 3763 6102 6620 6485 9831 3881 5348 8873 2748 6300 3912 8783 9436 5821 7415 1516 7209 5584 2986 7958 345 2724 5664 8814 3944 8915 1452 9707 3616 86 1272 2708 2327 613 3125 2307 2941 4826 4441 6803 7547 329
44 7136 8724 9714 5908 7929 9075 8282 3323 6322 6966 2644 572 2728 7405 5570 5277 7755 8912 363 38 5501 6318 8989 6878 9501 6253 1553 7088 3920 4277 1664 9876 9292 5755 2447 3432 4162 3638 9783 6064 8705 658 6034 1355
44 1587 3665 5008 7494 2330 7787 5528 2715 273 2752 4009 4587 9504 1414 107 8645 2738 3780 9308 5235 2654 1096 7409 1092 54 2408 1091 1929 6060 6873 4368 5767 9616 6282 9197 6111 8401 4054 1781 2639 9807 4928 7874 1090
38 45 7781 314 1186 8170 7689 9128 8992 8293 9242 704 7087 1593 9477 2409 2322 4799 4562 7078 3166 1423 8499 6674 3121 8938 6728 5848 6406 9256 9763 9196 635 222 8480 490 8419 1400 8656
39 3929 1437 5608 4503 8875 5829 8530 593 908 1487 163 2762 5424 7489 2433 383 980 8627 5355 1852 9500 2808 6693 3975 6368 109 3543 8020 2800 2939 9424 2256 3409 263 5001 9174 5498 2473 5630
31 1717 601 4303 1035 5721 432 6444 9123 6016 5020 2138 1300 8609 9238 2334 5157 8553 5302 5369 5976 3144 5818 2877 5118 8345 557 2060 5758 4232 6759 4719
30 9049 8598 8502 6897 9417 8434 2573 874 9033 2144 1588 7383 9027 6099 1322 6902 8441 4040 6672 8214 394 6780 5024 1721 4743 1052 8926 3605 1950 646
34 6440 3039 746 4066 1896 9685 8083 1554 5999 605 4156 5949 2677 5850 1299 9491 2983 4857 7071 5550 1695 5890 8661 331 4601 4925 3028 751 95 1819 6851 5567 1720 8107
37 2223 7318 8057 13 9591 6790 4910 6677 1264 8549 2346 5706 1440 6205 3984 7561 8292 5887 9274 1683 7466 2760 9127 353 334 1935 2699 567 8094 2165 1771 1070 9430 4373 2753 183 2227
29 6096 7584 8099 23 2244 9073 5308 3992 1093 2782 3669 9350 8517 4545 1545 5509 70 7771 8144 4379 9655 1144 7663 628 4417 7587 2237 3301 2231
28 8468 2557 1842 6890 3914 7707 8950 8751 8072 703 8865 8897 4745 8389 6329 6472 8055 9529 3454 4823 1933 2606 7258 5947 3888 3250 4378 2485
29 5673 8472 182 7448 3396 5207 3150 7416 8421 5166 6731 2622 4597 8239 2238 2917 9425 9442 5407 8258 1861 3955 2397 7340 2859 2463 2056 2220 6448
34 9180 377 5160 1539 3937 2640 9612 8162 3757 5693 3731 5682 5353 5875 2541 3803 9457 2274 2001 6740 8131 5036 8623 9993 741 7785 8659 2092 3974 9010 922 1451 9344 4477
33 4960 1824 6543 3209 8205 3643 9522 9039 3598 2767 1024 2815 2701 5126 7016 5683 7201 8620 2489 2310 4640 2788 6531 8832 8734 6849 9216 4092 387 3622 8446 6399 7859
29 7337 5837 4766 1751 3064 2304 6117 9956 6242 7286 3722 4231 939 4273 3465 8349 9270 9220 8760 7925 2943 7387 933 5018 6434 2720 4825 838 7233
25 102 5325 2191 6595 8503 2305 8324 3172 6748 1985 5224 7464 927 4251 8316 8588 472 7472 9815 6820 1564 2548 2923 3798 7344
25 3831 3240 3720 7256 276 1590 2350 9175 7579 1080 4082 4093 590 3997 9990 1839 2832 7614 620 5413 5647 3058 5169 6581 3941
25 4469 6330 8730 2836 4807 6970 6463 1260 7177 6767 785 7176 8790 1707 7541 1897 7671 6860 6357 9690 3035 4869 7076 3435 2114
23 9738 1999 4060 4238 8592 6003 5086 7957 6481 6292 1131 3033 2908 2797 3904 4521 8603 2457 168 3280 9908 2076 4598
23 6042 2713 4878 7574 8431 9797 4219 3306 4195 3050 4084 4053 6341 4313 6389 1012 9725 3784 6795 4900 9910 3392 6456
24 5062 9447 3833 3471 7979 3383 3659 7982 7890 2186 3266 5144 6868 5368 8442 1004 2637 2744 1882 6276 7743 2097 9110 7377
22 9890 2156 275 612 9288 1860 2940 9984 1795 4250 1276 6299 8012 209 2318 1370 7784 7812 5222 6263 8943 1988
22 681 625 6062 3878 450 3501 108 7698 7798 8885 4966 3442 4165 795 9585 5556 6793 5343 1082 6069 8668 9839
21 5260 4322 3076 8406 6668 8177 4808 3260 3698 9966 9751 906 1913 2242 3558 9619 2179 5142 4856 5904 1168
24 2584 7901 3492 3533 5771 3679 4091 5483 5263 9385 4514 5580 6643 4950 1541 6562 3185 9870 3254 5474 5366 9970 9281 2651
22 3440 5939 7704 534 6959 7529 3339 1862 7161 5333 6779 6105 9055 93 7338 794 6553 2919 8655 1189 7036 8808
22 9822 6424 8607 1573 328 554 144 5942 7109 7144 5990 6710 8375 9456 8076 22 4263 7038 5293 2083 9976 1622
20 6885 2672 7186 280 2803 8492 7335 1148 5553 5109 2145 4730 5323 2950 7392 4588 7580 6233 4460 2763
21 3016 6808 4501 1491 9227 1036 5751 2399 404 8439 1681 6520 7259 8746 8718 5223 8848 1132 3388 7955 525
19 9191 327 3902 1925 8710 8969 4870 5669 9804 3950 7603 1076 8756 685 2892 9499 4483 3212 5322
18 3660 7096 9820 915 191 5472 6030 5658 6005 3836 3537 2295 3804 5376 3195 1810 3683 7024
13 2446 2550 8523 9441 9470 4006 5051 9147 5188 1804 3182 8914 6584
16 2603 9832 5919 2698 8568 2855 8625 1421 1257 3001 5138 7880 8036 7142 9289 2061
14 962 5552 3632 8678 4169 8118 7552 5128 4286 3411 6703 9533 9554 2175
17 8090 8545 9257 4765 7638 5113 5115 6113 2555 8697 2258 9665 2918 6369 2266 9059 902
15 2805 4804 8453 286 3119 6093 3324 7519 1715 9407 250 4395 7768 7317 3037
16 9145 7138 1141 6319 9460 6992 6936 2906 7992 7952 784 3949 679 402 1932 6470
13 6599 9159 1466 9814 4390 5564 1037 3 2166 8320 2531 6212 9848
8 9925 7229 4568 8063 3623 6255 6262 2536
14 4523 2851 3145 3832 6497 5377 9933 4715 2633 4933 3238 5525 2574 9986
12 333 7914 9340 804 4543 4951 7309 5675 3733 6125 5522 5303
10 9321 9696 6200 5197 1670 9702 3536 6766 8111 9485
10 719 1769 4260 8128 6461 7031 6475 9273 8074 9322
3 306 5069 1983
6 8141 4661 8561 5756 5136 227
5 8033 724 3104 9913 1746
2 4949 9957
1 7418
1 7426
0
0
0
0
0
0
0
0
0
0
0
0
0
0
0
0
0
0
0
0
0
0
0
0
0
0
0
0
0
0
0
0
0
0
0
0
0
0
0
0
0
0
0
0
0
0
0
0
0
0
0
0
0
0
0
0
0
0
0
0
0
0
0
0
0
0
0
0
0
0
0
0
0
0
0
0
0
0